
15 0.21253462910417872
16 0.21905524944326843
17 0.2253434507665413
18 0.2311680222041856
19 0.23715747292151482
20 0.24227349791176256
21 0.24723272043526637
22 0.25149339897242046
23 0.2554515971212783
24 0.25931498799483
25 0.26178794870227906
26 0.2639410985578212
27 0.26588287767310514
28 0.2672192969099691
29 0.26814052351268414
30 0.2685876136593294
31 0.2686272571713903
32 0.26899126296098297
33 0.2674983665404516
34 0.26625303103703574
35 0.2642471109671253
36 0.2621624210470087
37 0.259369215027354
38 0.2566543954062266
39 0.25310241172831605
40 0.2490577382930331