15 0.29635268182144536
16 0.3061613729808252
17 0.3158068501011111
18 0.32490509558909936
19 0.33352950435018647
20 0.3417186379893252
21 0.34896298547476834
22 0.35624087115175646
23 0.3627426417149793
24 0.3688289960553821
25 0.3744169290687404
26 0.37845965704865075
27 0.3826588033408405
28 0.38651971621445774
29 0.38958116895572337
30 0.3930339306454582
31 0.39442607070070956
32 0.39644011624384773
33 0.39817964687619783
34 0.3985234847923086
35 0.3985541940362916
36 0.39813480013137115
37 0.3972410389602675
38 0.3957808569081743
39 0.39462552546036467
40 0.3924415257903926