6648831	1441.000
6649076	6305.000
6650173	13585.000
6651621	14930.000
6651918	24627.000
6653573	26446.000
6653971	28302.000
6657746	51629.000
6658729	84277.000
6660555	110263.000
6662551	127277.000
6664204	139957.000
6665765	140882.000
6665957	141391.000
6666155	155796.000
6668105	168209.000
6670157	174416.000
6674985	220839.000
6677809	222393.000
6678112	239832.000
6679375	255680.000
6680741	270598.000
6696368	298485.000
6697859	303595.000
6698630	316883.000
6699960	324358.000
6700614	325769.000
6700853	327994.000
6701174	329405.000
6701352	330522.000
6701545	331876.000
6704409	336431.000
6705130	337241.000
6705294	352208.000
6707383	352966.000
6707683	357497.000
6713732	369145.000
6714352	388868.000
6715489	391517.000
6716039	392783.000
6716337	393422.000
6716734	404282.000
6717728	409315.000
6720315	412115.000
6720626	419769.000
6741448	471160.000
6743360	478765.000
6743715	520764.000
6745723	544969.000
6747644	551538.000
6748197	572825.000
6753279	599852.000
6753974	605237.000
6754401	608641.000
6755103	655841.000
6757035	657655.000
6757201	659387.000
6757341	659387.000
6757538	659387.000
6758579	662040.000
6759193	688916.000
6760987	698312.000
6762009	700204.000
6762294	706459.000
6763093	719677.000
6802923	753564.000
6804140	767781.000
6804757	798324.000
6806168	810843.000
6806847	825320.000
6812205	832318.000
6812947	839185.000
6813766	851451.000
6815112	854664.000
6820640	873210.000
6821378	906062.000
6822981	910325.000
6823270	929929.000
6824899	954301.000
6826786	974913.000
6828685	991976.000
6830543	996255.000
6838679	1027462.000
6839995	1036143.000
6840658	1072064.000
6842526	1098326.000
6844354	1098326.000
6844827	1120217.000
6846691	1138721.000
6848608	1138721.000
6849453	1148937.000
6850798	1157742.000
6856611	1210570.000
6858525	1251933.000
6860727	1262949.000
6861496	1275722.000
6862464	1278378.000
6862766	1298823.000
6864594	1310314.000
6865784	1325406.000
6867651	1332756.000
6868652	1341931.000
6896258	1388617.000
6897599	1390044.000
6898537	1407508.000
6899335	1416125.000
6899835	1418286.000
6900241	1418555.000
6900488	1434551.000
6901421	1453171.000
6902851	1463500.000
6903660	1482738.000
6905301	1483158.000
6905496	1486411.000
6905850	1504355.000
6907610	1506574.000
6908017	1509657.000
6908402	1518496.000
6920213	1580693.000
6922311	1619376.000
6924201	1648798.000
6926072	1673217.000
6927953	1694173.000
6929834	1710269.000
6931573	1724115.000
6936616	1771540.000
6938184	1814249.000
6939917	1837146.000
6941212	1855592.000
6942373	1876176.000
6943886	1897525.000
6945795	1917539.000
6947748	1924804.000
6949597	1930872.000
6958114	1996074.000
6960311	1998025.000
6961228	2026199.000
6962651	2042005.000
6963563	2063530.000
6964861	2091013.000
6966740	2099496.000
6967933	2110280.000
6968878	2126127.000
6970312	2141101.000
6971821	2145917.000
6972439	2163734.000
6979701	2163811.000
6979931	2164400.000
6980191	2219246.000
6981778	2259457.000
6983438	2292106.000
6985111	2326633.000
6986995	2332778.000
6987802	2332778.000
6987926	2366451.000
6990190	2377248.000
6991070	2390020.000
6992128	2405313.000
6997446	2472313.000
6999393	2472313.000
7000313	2515174.000
7002216	2515174.000
7003921	2545233.000
7005836	2571746.000
7007751	2594687.000
7009622	2609037.000
7014369	2668650.000
7016217	2711171.000
7018003	2746499.000
7019850	2776870.000
7021724	2802612.000
7023605	2824516.000
7025403	2841518.000
7026994	2841518.000
7027073	2848725.000
7027904	2858943.000
7034627	2861116.000
7034833	2885289.000
7036257	2904612.000
7037207	2940549.000
7039144	2972012.000
7041471	2999000.000
7043467	3014348.000
7044701	3033684.000
7052543	3075248.000
7054598	3102543.000
7056123	3132298.000
7058004	3136652.000
7058767	3161808.000
7060717	3180364.000
7062409	3209120.000
7065180	3211131.000
7090117	3248154.000
7091979	3278930.000
7093780	3288075.000
7094640	3317059.000
7096555	3343618.000
7098452	3368279.000
7100335	3368279.000
7107653	3424024.000
7109289	3436818.000
7110070	3436818.000
7110255	3480342.000
7112118	3512579.000
7114048	3540462.000
7115952	3568014.000
7117797	3568185.000
7118014	3579152.000
7118810	3601140.000
7120650	3609440.000
7121502	3609909.000
7121752	3610148.000
7133319	3611805.000
7133726	3666777.000
7135406	3712347.000
7137417	3748069.000
7139013	3783694.000
7140769	3815713.000
7142607	3847961.000
7144474	3878834.000
7146338	3896544.000
7156432	3923177.000
7157493	3939645.000
7158178	3986417.000
7160248	4022872.000
7162246	4059604.000
7164592	4091018.000
7166799	4113059.000
7168412	4137877.000
7170302	4152546.000
7175105	4192394.000
7176332	4241973.000
7178277	4282836.000
7180170	4318349.000
7182143	4351175.000
7184025	4380406.000
7185904	4408464.000
7187765	4424154.000
7198831	4460667.000
7200218	4500264.000
7202243	4514842.000
7203592	4535758.000
7205033	4562839.000
7206832	4578048.000
7207947	4580597.000
7208484	4603118.000
7210257	4610881.000
7210979	4613069.000
7211236	4634180.000
7213109	4644498.000
7214162	4661937.000
7215802	4671125.000
7260294	4691829.000
7261353	4693663.000
7261513	4695477.000
7261683	4696950.000
7261821	4735385.000
7263580	4770894.000
7265442	4802884.000
7267297	4832784.000
7269161	4860776.000
7271130	4889026.000
7281879	4903677.000
7282785	4921131.000
7284370	4958282.000
7286532	4985890.000
7287958	5015754.000
7289676	5045598.000
7291320	5045598.000
7291782	5066154.000
7292785	5067951.000
7292961	5094676.000
7294239	5108655.000
7295246	5142414.000
7296850	5177433.000
7298385	5182733.000
7298656	5199895.000
7299510	5234413.000
7317126	5245780.000
7317613	5247058.000
7317779	5269083.000
7318851	5284147.000
7319917	5303164.000
7320557	5359748.000
7322357	5363974.000
7322668	5364657.000
7322866	5368482.000
7323065	5413559.000
7325218	5435648.000
7326358	5483844.000
7328205	5527450.000
7330047	5566826.000
7331694	5580827.000
7332339	5600854.000
7337987	5629358.000
7339066	5671451.000
7340695	5730800.000
7342572	5786959.000
7344484	5842220.000
7346371	5892856.000
7348258	5943220.000
7350133	5989887.000
7352011	6033562.000
7353889	6076241.000
7355819	6100898.000
7357483	6116003.000
7359120	6143188.000
7360809	6151132.000
7361290	6159239.000
7361797	6167045.000
7362264	6174730.000
7362737	6182304.000
7363215	6189541.000
7363685	6196961.000
7364180	6204027.000
7364652	6211048.000
7365128	6230838.000
7366401	6257186.000
7429228	6331960.000
7431262	6363888.000
7432490	6417580.000
7434175	6438640.000
7434881	6487075.000
7436844	6524286.000
7438278	6533086.000
7438836	6576325.000
7440679	6620463.000
7442546	6659758.000
7444440	6696504.000
7446327	6743660.000
7449431	6760324.000
7450601	6783991.000
7452509	6812660.000
7454312	6837211.000
7476379	6848158.000
7476716	6856819.000
7477081	6904420.000
7478790	6918565.000
7479318	6948013.000
7481356	6991707.000
7482718	7028347.000
7484404	7059497.000
7485682	7075210.000
7486533	7087871.000
7487103	7135596.000
7488833	7181883.000
7490958	7225611.000
7492741	7270576.000
7494731	7279841.000
7495321	7322917.000
7497284	7354208.000
7498905	7393895.000
7500828	7435192.000
7502986	7463242.000
7504839	7486289.000
7506474	7517688.000
7508351	7518898.000
7508818	7518898.000
7508944	7541988.000
7510382	7544203.000
7510588	7551743.000
7516694	7603144.000
7518292	7665371.000
7520281	7730368.000
7522856	7800561.000
7525213	7801998.000
7525570	7859871.000
7527695	7917353.000
7529765	7969714.000
7531872	8018367.000
7533876	8058628.000
7535786	8066321.000
7536341	8102372.000
7538252	8121104.000
7540399	8153787.000
7542347	8184697.000
7544301	8198744.000
7545412	8223627.000
7547302	8238623.000
7549091	8238623.000
7550102	8253201.000
7563709	8279467.000
7565230	8303586.000
7567273	8362481.000
7569234	8425338.000
7571262	8485256.000
7573115	8544117.000
7574960	8601053.000
7576934	8625498.000
7577941	8674358.000
7579810	8724471.000
7581703	8776404.000
7583578	8786899.000
7584064	8800542.000
7588899	8808987.000
7589394	8847939.000
7591393	8852077.000
7593025	8861409.000
7593526	8870412.000
7604512	8932671.000
7606091	9016178.000
7608231	9096382.000
7610133	9167447.000
7612011	9227722.000
7613911	9292305.000
7616800	9351086.000
7619112	9394271.000
7621020	9435063.000
7622975	9476435.000
7624866	9518468.000
7626906	9552577.000
7647685	9615297.000
7649099	9630854.000
7649910	9651203.000
7650389	9755544.000
7652396	9777318.000
7653028	9842157.000
7660806	9904094.000
7671610	10000625.000
7673255	10075995.000
7674608	10126449.000
7675554	10225580.000
7677424	10307642.000
7679297	10357714.000
7680854	10396827.000
7682309	10440689.000
7684314	10481168.000
7686085	10510650.000
7687536	10553964.000
7689411	10598017.000
7691304	10646525.000
7693526	10684399.000
7695424	10720018.000
7697292	10753036.000
7699167	10786854.000
7701243	10821184.000
7703360	10863012.000
7705802	10873710.000
7725894	10980146.000
7727766	11082455.000
7729674	11185957.000
7731761	11264654.000
7733712	11332450.000
7735699	11355849.000
7736736	11372631.000
7737653	11422576.000
7739648	11442806.000
7740556	11489466.000
7742820	11524179.000
7744543	11562301.000
7746513	11585782.000
7747690	11626361.000
7749557	11647555.000
7750876	11684677.000
7752748	11722414.000
7754611	11733315.000
7755302	11766773.000
7757304	11792552.000
7758834	11828345.000
7764940	11840290.000
7765796	11889365.000
7767198	11971912.000
7768977	12021269.000
7776437	12139942.000
7778478	12242747.000
7780367	12352117.000
7782590	12429283.000
7784505	12429285.000
7784618	12489849.000
7786470	12532519.000
7788071	12585020.000
7805832	12585020.000
7806950	12585020.000
7807327	12585020.000
7807473	12678607.000
7809541	12718858.000
7818351	12718858.000
7818503	12718858.000
7823358	12829596.000
7825182	12929381.000
7828355	13046248.000
7830896	13120349.000
7832792	13173419.000
7834318	13216421.000
7835868	13267130.000
7837720	13316554.000
7839750	13365222.000
7841606	13398271.000
7843075	13442838.000
7844949	13446467.000
7845294	13490757.000
7847177	13530821.000
7848966	13575127.000
7851156	13613502.000
7853035	13649772.000
7854828	13686529.000
7856706	13697400.000
7857372	13700269.000
7874223	13818648.000
7876136	13929572.000
7877973	13959949.000
7901131	14084651.000
7903086	14188231.000
7904802	14293144.000
7906646	14388421.000
7908479	14475692.000
7910339	14555210.000
7912423	14574212.000
7913771	14604841.000
7915469	14637570.000
7917650	14667068.000
7919084	14716759.000
7921013	14765452.000
7922917	14806975.000
7924773	14851332.000
7926608	14895839.000
7928478	14941967.000
7930846	14982303.000
7932789	15038701.000
7953278	15222423.000
7955153	15377378.000
7956937	15377381.000
7957114	15533272.000
7959028	15664153.000
7960893	15783203.000
7962920	15892849.000
7964847	15995165.000
7966753	16040511.000
7968199	16095548.000
7969649	16119253.000
7970413	16180285.000
8031392	16185633.000
8031724	16274764.000
8033229	16394593.000
8035193	16503741.000
8037072	16607675.000
8039004	16703169.000
8040896	16789884.000
8042827	16873430.000
8044781	16949110.000
8046652	17019341.000
8048521	17086957.000
8050430	17126053.000
8051618	17134316.000
8052287	17144093.000
8052753	17145813.000
8053258	17159079.000
8053920	17209942.000
8055902	17252881.000
8057627	17272321.000
8058492	17314267.000
8060292	17333755.000
8076517	17453663.000
8078846	17556749.000
8080910	17667873.000
8082817	17761738.000
8084599	17853348.000
8086459	17941878.000
8088366	18027865.000
8090311	18091194.000
8091820	18124954.000
8092769	18186684.000
8094687	18238514.000
8096472	18288979.000
8098239	18340069.000
8100226	18386771.000
8102015	18432728.000
8103867	18477871.000
8105757	18519373.000
8107598	18566490.000
8109677	18596862.000
8111059	18609355.000
8116150	18712797.000
8117723	18800110.000
8119512	18920366.000
8121506	19033838.000
8123514	19126823.000
8125389	19216363.000
8127299	19228629.000
8128469	19306909.000
8130358	19393119.000
8132496	19472761.000
8134545	19535192.000
8136521	19593528.000
8138428	19645388.000
8140290	19695640.000
8142173	19744695.000
8144041	19789769.000
8145974	19832896.000
8147822	19875488.000
8149754	19918561.000
8151648	19950109.000
8183858	20037291.000
8185668	20113966.000
8187299	20210035.000
8189194	20309980.000
8191047	20390483.000
8194583	20472320.000
8196475	20545111.000
8198242	20565606.000
8199791	20654544.000
8202510	20710178.000
8204347	20757778.000
8206611	20810643.000
8208526	20825985.000
8218490	20830091.000
8219152	20910323.000
8221992	20955840.000
8222863	20977654.000
8223680	21077380.000
8225607	21166555.000
8227524	21247877.000
8229554	21319910.000
8231477	21373967.000
8234877	21398043.000
8236041	21448584.000
8237922	21495363.000
8239778	21549038.000
8241892	21595919.000
8243885	21641921.000
8245783	21687612.000
8247755	21729924.000
8249618	21764637.000
8251511	21803596.000
8253378	21841857.000
8255245	21868311.000
8256592	21892852.000
8263351	22012883.000
8265285	22136882.000
8267268	22229512.000
8269114	22324816.000
8271020	22338139.000
8271377	22420628.000
8273253	22459068.000
8274253	22469748.000
8275168	22482564.000
8275602	22484333.000
8275713	22510058.000
8276803	22566753.000
8278599	22614681.000
8280454	22658543.000
8282305	22703510.000
8284311	22717400.000
8302049	22806565.000
8303913	22933282.000
8306103	23031477.000
8308155	23114784.000
8310053	23190261.000
8312086	23230883.000
8313255	23296102.000
8315184	23346630.000
8316876	23400225.000
8318738	23452440.000
8320597	23471452.000
8321355	23490602.000
8322080	23519669.000
8323260	23545366.000
8324570	23592495.000
8326447	23628250.000
8328533	23637206.000
8329622	23682920.000
8331597	23728653.000
8333687	23768279.000
8335564	23791660.000
8365140	23814853.000
8365978	23908782.000
8368208	23991416.000
8370091	24041204.000
8371937	24124526.000
8373792	24204260.000
8375736	24206428.000
8375854	24292251.000
8378145	24351965.000
8379881	24387804.000
8383722	24442630.000
8385811	24488899.000
8387713	24535961.000
8389789	24581230.000
8391753	24593618.000
8392348	24636860.000
8394222	24678398.000
8396125	24718609.000
8398015	24754911.000
8406220	24863075.000
8408114	24970498.000
8410017	25073631.000
8411873	25166298.000
8413762	25251766.000
8415725	25319459.000
8417898	25328117.000
8418333	25410581.000
8420751	25421886.000
8421201	25445725.000
8422103	25506659.000
8423969	25564114.000
8425849	25615205.000
8427703	25628496.000
8429278	25640079.000
8429922	25693299.000
8435097	25709096.000
8435910	25751767.000
8437878	25793347.000
8439872	25830965.000
8441743	25863045.000
8443452	25898013.000
8445430	25928692.000
8447717	25938143.000
8448322	25969470.000
8450203	25981833.000
8451373	26009837.000
8453214	26022164.000
8454262	26047809.000
8456111	26056623.000
8457087	26056819.000
8457660	26080834.000
8459539	26102994.000
8461417	26125735.000
8463443	26132518.000
8464090	26153128.000
8466051	26166940.000
8467672	26177846.000
8468920	26183582.000
8469534	26202796.000
8472020	26220402.000
8477886	26236687.000
8478448	26244630.000
8478955	26293888.000
8480974	26374661.000
8483160	26408170.000
8484322	26414969.000
8484694	26445118.000
8485759	26448223.000
8486004	26468997.000
8486723	26487180.000
8487553	26531180.000
8489456	26584924.000
8491472	26623622.000
8493080	26657002.000
8494938	26690221.000
8496798	26709162.000
8498729	26717479.000
8500550	26751509.000
8502061	26791876.000
8505512	26835220.000
8507490	26870464.000
8509490	26907146.000
8511337	26943097.000
8513242	26958599.000
8514234	26965579.000
8514633	27004615.000
8516655	27017770.000
8537743	27103892.000
8540378	27109072.000
8540550	27156315.000
8541430	27255862.000
8543321	27343748.000
8545185	27406893.000
8546717	27485607.000
8548604	27560844.000
8550504	27572299.000
8550907	27573826.000
8551026	27638554.000
8552927	27644195.000
8554791	27644195.000
8555306	27658156.000
8555835	27703020.000
8649614	27809936.000
8651567	27917665.000
8653470	28016864.000
8655339	28075205.000
8661460	28148374.000
8663349	28217537.000
8665548	28220647.000
8666296	28286014.000
8668181	28309226.000
8668935	28358152.000
8670881	28385300.000
8672308	28393800.000
8672686	28441479.000
8674614	28458596.000
8675805	28479432.000
8676756	28521864.000
8678630	28564382.000
8680522	28606671.000
8682465	28636046.000
8684311	28639280.000
8713729	28642283.000
8714246	28656744.000
8716145	28660655.000
8716726	28662944.000
8726226	28785711.000
8728069	28909162.000
8730001	29017694.000
8731882	29113710.000
8733794	29200812.000
8735698	29277239.000
8737555	29349645.000
8739488	29417584.000
8741469	29438031.000
8742162	29498664.000
8744059	29554898.000
8746050	29603993.000
8747916	29648408.000
8749948	29691398.000
8751805	29734026.000
8753673	29750200.000
8754436	29788783.000
8756282	29802124.000
8757074	29840185.000
8758975	29855106.000
8760160	29887987.000
8762146	29921589.000
8764051	29925898.000
8764451	29956608.000
8784135	30056595.000
8785995	30146576.000
8787746	30162756.000
8788167	30253624.000
8790023	30346457.000
8791928	30419450.000
8793790	30505006.000
8795675	30578632.000
8797530	30586549.000
8798895	30652712.000
8800781	30710072.000
8802500	30766523.000
8819926	30777010.000
8820963	30890392.000
8822837	31002301.000
8824718	31104350.000
8826566	31196755.000
8828427	31280162.000
8830298	31356477.000
8832239	31426681.000
8834203	31474618.000
8837496	31529643.000
8839340	31578403.000
8841203	31614070.000
8842996	31660422.000
8844842	31704349.000
8846695	31733378.000
8848337	31772300.000
8850196	31772306.000
8850290	31810252.000
8852141	31836607.000
8853688	31836608.000
8853855	31865768.000
8859252	31968920.000
8861095	32080781.000
8863174	32178032.000
8865030	32261828.000
8866872	32351039.000
8868944	32425816.000
8870826	32496081.000
8872691	32563629.000
8874576	32614844.000
8876186	32621800.000
8876485	32643770.000
8877233	32686511.000
8878792	32691375.000
8879760	32692164.000
8880026	32693356.000
8880399	32693356.000
8880621	32693356.000
8880813	32733318.000
8882559	32733318.000
8883140	32782299.000
8885669	32821957.000
8887605	32865321.000
8889731	32899760.000
8891469	32930128.000
8893017	32964392.000
8898536	33080014.000
8900421	33173554.000
8916141	33292370.000
8918097	33410060.000
8919987	33486366.000
8921417	33584271.000
8923276	33672441.000
8925128	33749187.000
8926981	33818441.000
8928816	33882817.000
8930680	33902762.000
8931343	33962175.000
8933255	33978760.000
8933940	34032352.000
8935788	34080014.000
8937629	34126080.000
8939497	34164298.000
8941348	34194341.000
8942791	34208295.000
8943478	34247576.000
8945337	34287071.000
8947206	34304714.000
8948172	34337364.000
8949855	34365950.000
8956124	34484616.000
8957955	34597766.000
8959929	34683572.000
8961413	34722160.000
8962837	34810862.000
8964681	34889013.000
8966518	34963702.000
8968337	35023914.000
8970038	35091409.000
8971933	35125907.000
8973113	35181022.000
8974958	35234994.000
8976816	35243521.000
8977513	35290301.000
8979346	35336303.000
8981302	35378312.000
8983330	35410802.000
8985220	35414876.000
8990431	35541694.000
8992323	35654861.000
8994204	35765169.000
8996553	35861560.000
8998570	35946901.000
9000485	36021039.000
9002539	36093792.000
9004523	36121837.000
9005385	36177240.000
9007152	36221442.000
9008828	36268416.000
9010839	36311778.000
9012694	36311779.000
9012804	36345623.000
9014673	36345630.000
9014747	36379704.000
9016595	36415050.000
9018433	36449651.000
9020279	36482521.000
9022133	36516178.000
9024168	36537094.000
9033828	36593253.000
9035121	36593256.000
9035184	36664512.000
9036756	36771931.000
9038612	36871544.000
9040512	36915082.000
9046523	37025844.000
9048366	37133832.000
9050324	37224675.000
9052089	37318430.000
9053941	37404354.000
9055841	37482409.000
9057695	37552944.000
9059532	37552949.000
9059771	37559496.000
9060260	37562609.000
9060440	37588319.000
9061408	37633923.000
9063132	37684092.000
9065062	37723105.000
9066919	37762495.000
9068773	37765492.000
9069096	37809736.000
9071282	37849314.000
9073203	37873711.000
9074527	37916320.000
9076678	37954555.000
9078663	37989463.000
9080574	38024589.000
9082544	38056628.000
9084657	38063806.000
9088653	38166467.000
9090751	38268461.000
9092662	38364290.000
9094772	38450691.000
9096694	38531487.000
9098601	38605729.000
9100470	38679557.000
9102642	38693475.000
9103395	38740488.000
9105241	38786150.000
9107427	38829003.000
9109279	38866669.000
9111333	38899023.000
9113542	38937257.000
9115475	38973730.000
9117361	38988382.000
9118561	39020899.000
9120540	39041811.000
9122063	39070376.000
9123907	39077662.000
9131265	39192290.000
9133168	39282056.000
9134927	39289742.000
9135207	39386011.000
9137082	39477134.000
9139185	39557689.000
9141050	39642402.000
9143175	39689822.000
9144941	39697121.000
9145286	39748994.000
9147948	39796724.000
9149928	39842343.000
9151876	39886358.000
9153749	39930009.000
9155644	39969086.000
9157528	40007658.000
9159379	40045231.000
9161258	40079243.000
9164322	40099817.000
9172990	40115472.000
9174059	40142823.000
9175940	40169072.000
9177801	40188406.000
9236489	40324137.000
9238362	40443561.000
9240340	40468290.000
9240820	40503796.000
9241568	40617311.000
9243447	40714869.000
9245301	40807774.000
9247171	40904045.000
9249191	40985014.000
9251569	41000643.000
9252025	41058147.000
9253928	41112843.000
9255779	41144693.000
9257200	41198616.000
9259152	41247947.000
9261017	41292244.000
9262951	41338179.000
9264816	41375750.000
9267801	41407471.000
9269788	41449007.000
9271645	41460081.000
9298956	41591550.000
9300788	41708367.000
9302563	41731478.000
9304868	41758745.000
9305468	41858164.000
9307387	41946904.000
9309272	42033686.000
9311213	42115650.000
9313089	42190394.000
9314884	42203691.000
9315267	42299474.000
9317731	42349653.000
9319607	42353913.000
9320015	42399994.000
9321879	42447703.000
9323927	42497408.000
9325827	42547414.000
9327907	42555749.000
9328307	42599451.000
9330159	42642399.000
9332041	42688604.000
9343004	42796302.000
9344933	42822032.000
9345639	42927754.000
9347485	42950114.000
9347976	43045957.000
9349846	43072159.000
9350428	43150797.000
9352418	43226030.000
9354585	43278392.000
9356454	43328388.000
9358304	43378133.000
9360125	43427252.000
9362472	43473758.000
9364319	43522900.000
9366465	43536116.000
9367686	43536116.000
9367855	43536116.000
9367977	43540340.000
9368205	43559729.000
9368936	43605385.000
9370867	43651702.000
9372925	43692483.000
9374763	43718730.000
9376056	43756840.000
9377875	43767277.000
9396865	43891345.000
9398744	43951556.000
9399790	44048309.000
9401476	44071022.000
9402293	44153877.000
9404058	44175756.000
9405253	44190341.000
9407886	44203065.000
9408425	44210074.000
9409433	44213087.000
9409617	44293500.000
9411524	44365715.000
9413388	44378156.000
9413814	44410477.000
9415205	44422399.000
9415790	44471763.000
9417656	44520228.000
9419518	44558165.000
9421776	44627693.000
9424006	44652715.000
9424950	44697388.000
9426808	44743239.000
9428677	44787387.000
9430633	44833772.000
9432710	44874627.000
9434545	44914800.000
9436410	44952610.000
9438266	44982508.000
9447444	45101840.000
9449306	45206629.000
9451168	45268276.000
9453091	45337887.000
9454509	45434724.000
9456341	45524598.000
9458180	45605363.000
9460021	45688228.000
9462023	45761289.000
9463885	45830584.000
9466130	45881952.000
9467988	45928873.000
9469830	45938877.000
9470447	45960417.000
9471292	45997096.000
9473039	46004791.000
9473489	46022904.000
9474321	46051891.000
9475948	46083691.000
9477603	46084104.000
9477694	46121785.000
9479354	46124486.000
9479642	46148137.000
9480905	46155939.000
9481337	46186092.000
9486424	46309811.000
9488173	46408844.000
9489938	46430254.000
9490386	46541889.000
9492368	46640092.000
9494234	46729309.000
9496101	46811246.000
9497947	46884079.000
9499806	46896840.000
9500427	46912769.000
9501284	46930162.000
9502458	46940570.000
9503385	46950347.000
9504061	46966378.000
9504979	46982129.000
9506041	47026693.000
9507882	47071806.000
9509931	47111012.000
9512044	47154727.000
9513924	47200868.000
9515790	47245227.000
9517694	47289238.000
9519561	47333773.000
9521565	47351195.000
9525516	47482027.000
9527405	47595649.000
9529127	47711834.000
9530960	47791593.000
9532329	47890771.000
9534156	47982692.000
9535988	48067032.000
9537834	48148249.000
9539664	48227136.000
9541540	48300520.000
9543379	48362427.000
9545040	48380648.000
9545965	48432673.000
9547795	48482931.000
9549700	48532787.000
9551555	48579103.000
9553388	48616437.000
9556885	48616525.000
9557132	48659782.000
9558964	48685723.000
9560274	48703815.000
9564340	48823024.000
9566087	48905391.000
9567867	48922587.000
9568258	49009917.000
9570142	49090547.000
9572022	49150361.000
9573871	49234890.000
9575722	49316762.000
9577591	49389824.000
9579396	49402415.000
9579787	49477937.000
9581795	49516850.000
9583331	49562801.000
9585180	49615023.000
9587179	49628356.000
9590333	49686972.000
9592393	49738403.000
9594274	49805158.000
9596794	49853051.000
9598707	49901282.000
9600710	49943074.000
9602576	49983951.000
9604441	50022403.000
9606316	50060102.000
9608179	50096973.000
9610029	50128212.000
9611695	50161220.000
9613542	50192322.000
9615363	50221851.000
9617202	50251000.000
9619024	50277960.000
9620866	50289046.000
9652695	50295118.000
9653609	50345411.000
9654486	50358854.000
9654768	50424377.000
9657375	50481836.000
9658475	50500727.000
9658879	50596955.000
9660737	50694628.000
9662584	50783757.000
9664450	50861737.000
9666311	50943466.000
9668184	50995469.000
9669445	51009239.000
9670017	51083838.000
9671875	51132002.000
9673226	51183679.000
9675124	51237236.000
9677075	51288073.000
9680208	51335956.000
9682059	51383118.000
9683941	51429118.000
9685797	51473186.000
9687664	51480748.000
9691276	51606666.000
9693136	51721041.000
9694859	51822758.000
9696717	51916279.000
9698558	52005375.000
9700441	52083249.000
9703341	52154828.000
9705232	52225113.000
9707096	52294192.000
9708958	52361363.000
9710831	52391334.000
9712086	52440473.000
9713949	52487193.000
9715723	52537748.000
9717777	52579816.000
9719532	52627765.000
9721414	52670351.000
9723263	52703923.000
9725037	52739479.000
9729505	52846180.000
9731114	52860424.000
9731369	52895101.000
9731943	53017528.000
9733869	53122339.000
9735774	53215930.000
9739025	53295667.000
9740888	53374429.000
9742758	53452051.000
9744629	53527991.000
9746494	53601520.000
9748420	53669647.000
9750278	53722841.000
9751748	53772506.000
9753641	53822594.000
9755548	53853701.000
9757107	53859003.000
9757380	53908192.000
9759278	53953803.000
9761303	53980743.000
9763630	54010532.000
9767873	54121314.000
9769764	54245869.000
9771801	54330389.000
9774044	54423967.000
9775904	54512712.000
9777767	54599697.000
9779638	54649674.000
9847024	54649674.000
9847492	54757166.000
9849359	54870587.000
9851232	54978473.000
9853103	55072629.000
9854980	55124757.000
9858045	55157067.000
9859757	55212851.000
9861667	55247263.000
9862920	55266240.000
9868700	55371489.000
9870629	55473253.000
9872488	55572645.000
9874357	55658493.000
9876214	55738672.000
9878069	55819271.000
9879931	55897427.000
9881872	55971782.000
9883725	56040884.000
9885590	56108319.000
9887454	56180727.000
9889648	56230072.000
9891517	56248465.000
9897815	56370882.000
9899681	56473613.000
9901633	56575559.000
9903489	56591964.000
9903827	56634430.000
9904920	56720494.000
9906796	56808274.000
9908674	56886197.000
9910567	56962820.000
9912464	57035118.000
9914284	57068752.000
9915247	57074172.000
9915448	57121441.000
9917309	57167317.000
9919191	57210741.000
9921495	57254019.000
9923391	57301694.000
9925344	57325725.000
9926401	57371190.000
9928275	57413682.000
9930170	57456463.000
9932148	57471976.000
9933147	57503135.000
9934597	57514907.000
9945402	57625367.000
9947272	57729138.000
9949139	57825323.000
9985775	57942676.000
9987626	58046524.000
9989524	58072095.000
9990122	58116630.000
9990986	58208243.000
9992862	58305986.000
9994744	58401592.000
9996618	58487775.000
9998494	58568347.000
10000377	58647019.000
10002259	58710940.000
10003906	58772026.000
10005565	58818893.000
10007432	58869393.000
10009309	58879082.000
10009857	58939459.000
10012191	58990144.000
10014137	59035832.000
10015967	59082416.000
10017837	59127264.000
10019724	59153146.000
10020862	59159446.000
10025231	59280396.000
10027091	59402642.000
10029131	59507716.000
10031028	59582169.000
10038198	59711344.000
10040046	59823264.000
10041934	59926156.000
10043819	60016125.000
10045561	60104823.000
10047433	60188788.000
10049307	60209241.000
10052039	60283285.000
10054685	60340840.000
10056690	60381086.000
10058560	60421044.000
10060414	60470914.000
10062268	60482031.000
10062916	60521726.000
10064788	60561007.000
10066665	60561007.000
10066940	60605477.000
10068797	60647162.000
10070667	60689939.000
10072534	60719187.000
10080567	60801822.000
10081832	60918653.000
10083688	61029849.000
10085548	61130404.000
10087422	61160457.000
10088238	61252607.000
10090254	61337869.000
10092133	61420313.000
10094004	61498291.000
10095875	61589561.000
10098116	61653657.000
10099846	61704539.000
10101778	61753360.000
10103688	61802812.000
10105574	61852106.000
10107967	61884170.000
10110106	61937750.000
10112039	61975508.000
10113597	62011488.000
10115228	62032622.000
10128039	62080817.000
10148476	62102533.000
10148829	62230275.000
10150722	62354700.000
10152718	62444139.000
10154360	62545656.000
10156219	62636146.000
10158093	62714594.000
10159950	62753718.000
10160964	62808304.000
10162894	62860797.000
10164762	62916673.000
10166643	62970885.000
10168511	63021329.000
10170396	63071961.000
10172300	63122960.000
10174175	63178462.000
10176269	63229699.000
10178239	63278434.000
10180197	63326034.000
10182128	63374998.000
10184212	63418434.000
10198266	63432188.000
10198614	63552455.000
10200467	63671228.000
10202459	63775108.000
10204289	63879026.000
10206175	63970111.000
10208035	64056603.000
10209892	64138850.000
10211826	64216919.000
10213731	64290888.000
10215614	64336021.000
10216858	64387321.000
10218674	64437011.000
10220528	64487816.000
10222390	64541939.000
10224362	64589893.000
10226232	64637137.000
10228091	64680975.000
10229956	64723886.000
10231819	64763498.000
10233683	64781957.000
10259488	64892485.000
10261352	65009740.000
10263282	65133093.000
10265472	65228363.000
10267327	65326187.000
10269405	65407939.000
10271273	65486915.000
10273169	65551227.000
10274835	65597906.000
10276104	65599043.000
10276299	65602672.000
10276731	65606622.000
10276922	65635193.000
10278080	65681426.000
10279854	65732066.000
10282571	65780837.000
10284451	65810320.000
10285670	65832288.000
10286764	65878352.000
10288671	65923896.000
10290548	65969018.000
10292459	66008589.000
10294300	66025312.000
10301170	66151779.000
10302990	66263112.000
10304809	66374415.000
10306694	66475492.000
10308580	66576709.000
10310719	66684766.000
10313233	66785045.000
10315739	66842870.000
10317923	66903532.000
10320095	66966100.000
10322322	66979507.000
10322912	67030549.000
10324919	67093839.000
10327233	67124344.000
10328555	67172331.000
10330477	67223869.000
10332535	67263079.000
10337138	67263084.000
10337413	67359475.000
10341852	67473000.000
10343711	67564745.000
10345445	67671332.000
10347397	67772351.000
10349291	67865076.000
10351152	67953419.000
10353022	68038019.000
10354963	68100481.000
10356565	68182762.000
10358668	68236189.000
10360555	68287185.000
10362406	68297852.000
10362921	68297852.000
10363085	68313767.000
10363722	68365581.000
10365786	68399583.000
10367078	68447132.000
10368991	68492524.000
10370846	68536976.000
10372968	68583854.000
10375081	68628581.000
10377168	68667667.000
10379012	68706297.000
10380883	68743064.000
10382745	68778609.000
10387627	68795400.000
10442270	68905432.000
10444265	69024392.000
10446590	69114727.000
10448452	69200662.000
10451062	69234860.000
10452058	69304102.000
10453939	69328424.000
10454970	69376102.000
10456839	69423549.000
10458722	69469088.000
10460584	69516131.000
10462426	69528588.000
10463050	69573253.000
10464918	69615252.000
10466771	69660334.000
10468899	69700926.000
10470782	69718020.000
10472120	69756479.000
10473982	69796039.000
10476090	69825154.000
10477612	69860724.000
10479525	69894331.000
10481442	69936058.000
10520340	69936059.000
10520470	69959257.000
10521074	69959262.000
10521192	70000301.000
10522579	70053108.000
10524309	70104717.000
10526190	70144561.000
10527718	70197057.000
10529708	70246555.000
10531605	70296856.000
10533621	70346025.000
10536455	70355116.000
10536896	70404153.000
10538974	70447887.000
10540843	70494264.000
10543223	70535533.000
10545123	70574698.000
10547140	70614720.000
10549417	70652493.000
10551440	70688331.000
10553346	70709625.000
10565777	70847879.000
10568285	70974898.000
10570601	71082086.000
10572880	71190630.000
10575468	71203997.000
10576256	71228229.000
10577055	71239238.000
10577774	71245427.000
10578551	71300351.000
10581161	71351811.000
10584080	71418300.000
10586957	71481964.000
10589652	71545549.000
10592436	71550119.000
10593092	71595752.000
10595295	71596272.000
10595690	71651923.000
10597838	71696428.000
10599719	71709651.000
10600347	71719682.000
10609670	71825071.000
10611592	71918764.000
10613357	72010410.000
10615256	72108529.000
10617264	72194419.000
10619171	72288039.000
10621351	72335596.000
10623416	72380070.000
10625314	72425325.000
10627207	72465659.000
10629077	72512056.000
10630960	72561175.000
10633112	72607318.000
10634978	72626338.000
10636875	72629280.000
10637491	72665703.000
10639295	72713052.000
10641526	72758097.000
10643575	72780606.000
10647941	72894110.000
10649883	72974356.000
10652224	73075580.000
10654427	73173955.000
10656627	73198736.000
10657367	73304944.000
10660042	73350986.000
10662095	73399134.000
10664343	73457374.000
10666793	73512493.000
10669082	73566870.000
10671390	73612167.000
10673350	73660738.000
10675453	73703934.000
10677378	73751900.000
10679901	73781681.000
10683458	73781681.000
10683838	73787466.000
10684150	73823730.000
10686038	73864374.000
10688176	73895810.000
10695463	74009869.000
10697646	74116346.000
10699542	74206018.000
10701446	74317088.000
10703948	74395551.000
10705859	74434547.000
10706979	74457421.000
10708045	74497667.000
10709745	74537575.000
10711611	74581708.000
10713481	74626154.000
10715342	74669882.000
10717209	74711020.000
10719076	74754673.000
10720913	74779584.000
10722059	74800469.000
10723641	74842692.000
10725500	74879483.000
10727219	74921478.000
10729316	74924792.000
10729779	74933975.000
10735547	74995903.000
10737248	75045960.000
10738371	75140543.000
10740466	75150828.000
10740814	75246387.000
10743009	75334779.000
10745190	75364936.000
10746210	75372136.000
10746615	75374317.000
10747003	75408243.000
10749073	75451980.000
10751223	75483637.000
10752754	75530022.000
10754791	75582274.000
10756994	75584493.000
10757339	75610436.000
10759796	75623475.000
10760679	75662480.000
10762509	75715483.000
10765068	75767812.000
10767692	75803200.000
10769623	75809299.000
10772640	75894570.000
10774516	76011807.000
10777098	76066418.000
10778564	76151323.000
10780728	76220183.000
10782674	76299410.000
10784848	76325573.000
10785764	76370587.000
10787936	76413314.000
10789914	76487312.000
10793824	76536252.000
10796086	76578529.000
10797958	76620335.000
10799824	76655065.000
10801700	76696680.000
10803551	76735162.000
10805361	76735268.000
10806017	76742112.000
10807375	76742112.000
10807519	76768883.000
10847947	76887753.000
10849906	76995316.000
10851805	77102182.000
10853891	77102182.000
10854078	77236484.000
10857005	77296388.000
10858454	77313468.000
10859561	77362686.000
10861969	77435893.000
10864455	77513772.000
10866957	77601085.000
10869430	77681030.000
10871898	77736836.000
10873684	77769355.000
10886718	77769355.000
10886860	77887953.000
10888734	77923857.000
10889819	78021904.000
10891692	78118357.000
10893752	78209453.000
10895603	78278479.000
10897496	78282095.000
10897863	78329180.000
10899720	78375672.000
10901612	78425188.000
10903536	78473970.000
10905403	78523795.000
10907263	78543314.000
10908274	78591570.000
10910426	78665165.000
10913319	78708499.000
10915183	78744123.000
10917133	78755301.000
10917656	78756474.000
10917914	78768305.000
10918460	78798645.000
10920127	78834820.000
10928722	78977944.000
10931391	79115877.000
10933875	79254851.000
10936386	79392687.000
10939216	79398153.000
10939489	79398255.000
10940757	79413255.000
10941311	79459623.000
10943164	79522932.000
10945600	79576233.000
10947634	79627430.000
10949657	79678997.000
10951787	79737593.000
10953996	79788378.000
10956090	79829054.000
10957791	79877955.000
10959817	79930524.000
10962045	79963312.000
10963509	79976705.000
10967751	80067736.000
10969353	80130071.000
10970655	80188448.000
10971636	80292892.000
10973509	80386459.000
10975374	80476498.000
10977251	80546737.000
10979016	80593210.000
10980873	80640824.000
10982786	80689629.000
10984649	80737903.000
10986518	80747558.000
10987108	80798420.000
10988973	80848660.000
10990837	80897025.000
10993778	80919741.000
10994695	80958551.000
11054886	81025990.000
11076339	81141275.000
11078240	81254132.000
11080117	81340709.000
11082058	81484640.000
11084843	81591502.000
11087126	81652910.000
11088554	81675132.000
11089836	81678041.000
11092238	81680046.000
11092458	81742899.000
11094932	81784853.000
11096652	81850617.000
11099062	81879591.000
11100205	81946379.000
11102804	82014275.000
11105614	82028337.000
11106279	82047931.000
11107369	82111682.000
11110182	82142235.000
11136670	82270303.000
11138556	82380178.000
11140464	82478664.000
11142490	82577614.000
11144417	82670621.000
11146313	82752431.000
11148481	82793926.000
11150360	82818463.000
11151938	82859058.000
11158032	82906514.000
11159898	82953694.000
11161756	82971138.000
11162679	83017455.000
11164552	83063367.000
11166566	83100355.000
11168464	83157993.000
11171221	83219722.000
11173994	83236048.000
11174835	83288863.000
11177345	83340551.000
11179994	83363309.000
11181234	83404320.000
11183592	83417700.000
11214597	83537570.000
11216433	83652061.000
11218373	83797729.000
11221040	83946332.000
11223757	84040159.000
11225984	84102969.000
11228587	84147773.000
11230450	84192790.000
11232328	84240782.000
11234190	84287623.000
11236047	84336139.000
11237904	84382625.000
11239732	84430000.000
11241616	84443494.000
11242231	84489404.000
11244084	84534086.000
11245965	84576575.000
11247902	84603899.000
11253236	84729581.000
11255123	84799384.000
11257006	84935137.000
11259460	84988729.000
11276077	85160356.000
11278931	85175465.000
11279242	85319285.000
11281902	85449953.000
11284687	85523943.000
11286474	85548462.000
11287271	85600685.000
11289675	85658356.000
11292130	85717304.000
11294520	85786130.000
11297161	85848888.000
11299631	85899901.000
11301624	85928688.000
11302832	85991680.000
11305360	86050409.000
11307884	86115768.000
11310821	86127403.000
11314075	86237401.000
11315911	86340346.000
11317673	86435988.000
11319547	86526316.000
11321443	86615509.000
11323331	86706805.000
11325658	86748188.000
11327426	86789581.000
11329195	86832948.000
11331019	86877988.000
11332831	86924157.000
11334655	86969764.000
11336435	87013198.000
11338181	87050828.000
11339773	87093645.000
11341627	87153651.000
11344413	87174554.000
11359426	87296894.000
11361294	87393016.000
11366265	87513108.000
11368137	87555969.000
11369042	87639157.000
11370508	87740432.000
11372462	87869444.000
11375215	87926084.000
11376505	87987734.000
11379104	88043652.000
11381349	88109894.000
11383918	88127869.000
11384664	88155487.000
11385817	88227474.000
11388441	88294885.000
11390891	88332752.000
11392340	88360063.000
11393448	88379308.000
11394243	88441146.000
11396704	88487810.000
11398663	88542564.000
11401138	88552885.000
11406477	88683524.000
11408331	88817542.000
11410523	88922715.000
11412366	89000110.000
11414230	89000867.000
11414566	89050877.000
11416489	89098164.000
11418372	89144738.000
11420257	89194098.000
11422157	89239466.000
11423998	89286756.000
11425963	89339284.000
11427874	89421308.000
11430827	89429548.000
11431220	89496808.000
11433712	89545021.000
11435575	89613119.000
11450842	89856619.000
11454439	90014766.000
11457224	90167278.000
11460314	90242312.000
11462155	90271115.000
11463295	90331899.000
11465795	90392658.000
11468263	90454920.000
11470751	90522309.000
11473227	90587970.000
11475692	90636158.000
11477710	90683273.000
11479577	90742566.000
11482038	90792776.000
11484205	90850747.000
11486810	90871447.000
11493631	91000648.000
11495531	91082676.000
11496927	91147955.000
11498047	91273929.000
11500239	91381478.000
11502427	91482120.000
11505043	91529869.000
11506921	91578067.000
11508835	91623774.000
11510677	91672130.000
11512555	91725746.000
11514632	91738428.000
11515400	91745553.000
11516420	91745553.000
11517144	91835894.000
11520238	91877896.000
11521716	91923631.000
11523553	91970238.000
11525477	91996897.000
11526634	92059195.000
11534440	92180485.000
11536306	92276661.000
11538004	92420419.000
11540543	92537365.000
11542926	92633510.000
11545622	92695170.000
11548054	92746894.000
11550127	92790319.000
11551790	92861771.000
11554578	92933646.000
11557353	92973015.000
11558930	92998254.000
11559981	93001509.000
11560250	93018663.000
11560961	93065198.000
11565834	93163391.000
11567399	93256611.000
11568905	93341159.000
11570291	93368269.000
11571178	93514990.000
11573958	93605989.000
11575915	93663403.000
11577479	93718078.000
11579611	93765296.000
11581493	93814123.000
11583400	93862576.000
11585254	93911378.000
11587141	93940083.000
11589964	93987798.000
11591837	94035374.000
11593725	94079428.000
11595515	94124921.000
11597392	94146403.000
11640116	94271428.000
11642158	94378947.000
11644292	94459214.000
11646039	94459214.000
11646156	94541209.000
11648158	94596777.000
11649539	94651210.000
11651431	94678565.000
11652413	94685320.000
11652795	94705166.000
11653641	94743539.000
11654996	94781513.000
11672174	94902446.000
11674116	94997727.000
11675838	95111255.000
11677946	95204651.000
11679849	95291376.000
11681771	95345644.000
11683247	95397725.000
11685190	95451288.000
11687248	95503449.000
11689273	95566408.000
11691731	95631030.000
11694186	95664629.000
11695487	95679603.000
11734426	95717981.000
11744755	95831369.000
11746566	95935516.000
11748306	96044261.000
11750184	96134897.000
11752066	96223280.000
11753929	96278913.000
11756295	96329879.000
11758365	96377058.000
11760256	96424158.000
11762201	96463023.000
11763756	96501629.000
11765327	96539893.000
11766894	96578991.000
11768495	96610862.000
11770028	96651408.000
11771731	96693563.000
11773479	96738547.000
11775394	96776828.000
11777078	96818253.000
11778967	96865255.000
11781195	96893269.000
11813588	96893851.000
11813867	97012880.000
11815750	97125585.000
11817786	97248309.000
11820268	97340501.000
11822156	97417091.000
11824096	97447017.000
11825390	97491942.000
11827284	97537753.000
11829226	97600311.000
11831800	97637819.000
11846262	97702177.000
11848057	97746549.000
11849135	97802761.000
11850852	97847421.000
11851787	97886824.000
11853455	97938655.000
11854867	97998334.000
11856362	98038979.000
11857560	98093107.000
11859621	98144739.000
11861626	98196810.000
11863630	98255343.000
11865797	98282226.000
11873594	98406459.000
11875552	98529538.000
11877769	98639295.000
11879884	98746519.000
11882280	98870428.000
11885301	98881787.000
11885895	98938569.000
11888076	98991238.000
11890071	99051517.000
11892309	99118854.000
11894882	99187214.000
11897515	99233992.000
11899393	99280872.000
11901264	99304022.000
11917251	99415786.000
11919130	99475343.000
11920390	99499066.000
11920869	99592862.000
11922719	99633555.000
11940029	99673953.000
11950159	99687776.000
11973617	99815710.000
11975536	99916001.000
11977196	100019665.000
11979071	100157387.000
11981744	100216507.000
11983008	100274649.000
11984555	100323712.000
11986544	100358988.000
11988005	100420399.000
11990586	100487486.000
11993143	100533423.000
11995000	100573347.000
11996564	100613107.000
11998041	100622519.000
11998486	100669402.000
12000346	100702268.000
12001675	100746066.000
12005972	100769253.000
12007024	100827833.000
12019827	100875260.000
12031889	100991361.000
12033912	101100020.000
12035775	101212533.000
12037903	101232972.000
12038773	101336047.000
12041154	101398586.000
12042992	101439553.000
12044644	101497445.000
12046977	101560785.000
12049548	101626580.000
12052002	101691811.000
12054659	101773625.000
12058001	101819550.000
12059993	101876530.000
12062472	101938611.000
12065170	101998857.000
12071982	102080176.000
12073435	102101229.000
12073893	102179974.000
12075295	102269741.000
12076931	102364823.000
12078805	102451971.000
12080661	102515858.000
12082269	102560101.000
12084120	102604800.000
12085884	102671040.000
12088449	102735540.000
12091194	102804439.000
12093743	102852704.000
12095620	102899217.000
12097526	102948733.000
12099432	102978338.000
12100703	103024966.000
12102670	103071091.000
12104657	103114349.000
12106551	103150241.000
12111895	103267688.000
12113805	103349478.000
12115553	103449229.000
12117433	103542520.000
12119290	103652630.000
12121701	103694834.000
12123318	103739722.000
12125508	103757134.000
12126552	103807359.000
12128615	103859902.000
12130670	103913618.000
12132630	103959849.000
12134578	103965697.000
12136226	103990595.000
12137102	103993548.000
12137293	104028539.000
12138797	104075155.000
12140698	104136001.000
12143298	104178212.000
12145182	104218902.000
12148405	104257156.000
12150380	104272643.000
12151321	104300851.000
12152780	104343145.000
12160269	104449408.000
12162044	104558240.000
12164010	104703500.000
12166651	104813005.000
12168828	104929684.000
12171512	104944772.000
12172197	104995567.000
12174863	105039609.000
12177413	105077621.000
12179845	105091904.000
12180888	105121772.000
12183044	105159740.000
12185088	105203307.000
12186944	105237427.000
12188863	105271726.000
12190938	105306998.000
12192824	105334587.000
12194907	105376239.000
12196800	105415992.000
12198683	105449292.000
12204216	105455483.000
12204651	105479538.000
12267632	105599020.000
12271710	105697218.000
12273548	105793613.000
12275442	105881086.000
12277357	105938601.000
12278924	105984789.000
12280995	106032162.000
12282870	106079628.000
12284702	106128684.000
12286601	106177926.000
12288475	106226484.000
12290602	106280321.000
12294485	106325738.000
12296087	106347708.000
12296955	106392791.000
12298855	106422780.000
12300469	106429908.000
12338956	106456285.000
12339452	106541261.000
12341158	106648464.000
12343201	106648845.000
12343718	106721607.000
12345599	106797228.000
12370640	106915166.000
12372517	107021600.000
12374391	107127255.000
12376266	107178065.000
12377761	107227935.000
12391156	107330857.000
12393070	107421615.000
12394928	107503167.000
12396806	107584113.000
12398723	107655971.000
12400619	107709832.000
12402133	107757131.000
12404050	107804195.000
12405939	107850401.000
12407938	107895846.000
12409821	107920520.000
12410876	107966622.000
12412790	107994976.000
12414141	108034767.000
12416286	108087932.000
12419042	108137581.000
12434952	108262635.000
12436911	108296950.000
12437922	108425387.000
12440169	108525832.000
12442066	108618208.000
12444107	108655030.000
12446584	108657666.000
12446760	108705268.000
12448742	108752988.000
12450630	108800798.000
12452544	108849074.000
12454449	108898424.000
12456332	108947533.000
12458216	108994249.000
12460128	109040922.000
12462027	109087739.000
12463914	109131208.000
12465806	109174930.000
12467807	109202168.000
12469107	109215694.000
12474555	109221592.000
12474789	109224351.000
12474922	109339953.000
12476991	109375355.000
12477704	109470247.000
12479603	109545332.000
12481083	109632915.000
12482885	109633569.000
12482982	109717206.000
12485809	109761559.000
12487592	109794906.000
12489198	109833134.000
12490841	109875581.000
12492765	109916213.000
12494560	109964163.000
12496575	110025575.000
12499137	110085344.000
12501595	110148443.000
12504204	110199721.000
12506477	110219365.000
12507468	110255725.000
12509192	110280497.000
12513870	110406889.000
12515789	110550215.000
12518127	110558700.000
12518363	110657310.000
12520334	110753285.000
12522346	110864922.000
12524949	110907717.000
12531194	111030829.000
12533091	111162368.000
12535372	111260952.000
12537273	111360638.000
12539169	111450082.000
12541086	111492695.000
12542207	111542838.000
12544121	111581566.000
12546116	111614852.000
12547522	111663676.000
12549431	111702874.000
12551118	111711068.000
12551808	111729755.000
12552691	111777757.000
12554790	111828830.000
12556703	111876836.000
12558651	111924202.000
12560566	111924614.000
12560686	111971158.000
12562619	112017306.000
12564535	112061891.000
12569596	112185540.000
12573355	112217251.000
12574022	112324330.000
12576079	112370951.000
12577135	112372872.000
12577292	112437021.000
12578780	112500528.000
12580514	112555878.000
12582812	112590918.000
12584222	112610076.000
12604312	112726876.000
12606250	112742025.000
12606582	112748590.000
12606857	112748627.000
12606995	112846312.000
12608898	112956363.000
12611000	113049192.000
12612970	113076110.000
12613744	113125114.000
12615174	113172070.000
12617078	113220607.000
12618980	113222192.000
12619138	113242093.000
12620379	113289914.000
12622394	113340485.000
12624305	113389352.000
12626218	113400533.000
12627218	113449272.000
12630623	113496533.000
12633166	113542116.000
12635530	113585287.000
12637649	113634615.000
12639936	113639594.000
12863005	113677130.000
12864909	113802713.000
12866891	113904177.000
12868752	113966735.000
12870683	114022384.000
12893955	114089873.000
12895579	114119276.000
12896382	114218570.000
12898384	114330724.000
12900690	114362940.000
12901775	114419698.000
12903935	114477793.000
12906137	114501774.000
12907604	114526144.000
12908708	114576621.000
12910729	114613411.000
12943299	114687460.000
12944809	114704793.000
12945181	114822149.000
12947131	114953161.000
12949803	115040843.000
12951949	115046755.000
12952260	115073121.000
12953405	115117618.000
12955282	115128371.000
12956022	115151765.000
12956991	115192339.000
12958966	115240734.000
12961078	115298064.000
12963425	115345169.000
12965461	115392502.000
12967344	115396080.000
12982114	115524601.000
12983990	115634194.000
12985867	115735241.000
12987799	115849218.000
12990091	115884359.000
12991221	115942360.000
12993558	115972812.000
13003171	116025894.000
13005221	116039562.000
13006699	116090782.000
13008701	116109382.000
13009506	116116087.000
13009959	116129842.000
13010557	116175760.000
13012450	116221533.000
13014362	116263833.000
13016316	116305812.000
13018256	116322397.000
13019026	116333518.000
13019672	116356740.000
13040617	116478418.000
13042502	116581761.000
13044466	116684590.000
13046395	116765695.000
13048281	116775820.000
13049821	116797330.000
13050720	116809274.000
13051258	116856197.000
13053235	116902119.000
13055112	116925461.000
13056141	116950114.000
13057184	116996516.000
13059049	117042984.000
13060922	117090705.000
13062893	117144553.000
13064970	117192389.000
13066851	117238741.000
13068922	117286517.000
13070791	117332183.000
13072694	117380236.000
13074714	117425769.000
13076662	117448009.000
13077679	117474539.000
13078929	117518991.000
13080969	117537655.000
13085179	117658790.000
13087045	117762762.000
13088748	117859299.000
13090611	117959129.000
13092457	118054952.000
13094576	118101538.000
13096457	118147475.000
13098297	118194126.000
13100141	118238335.000
13101904	118242987.000
13104181	118289083.000
13106058	118337095.000
13107935	118377006.000
13109536	118402076.000
13110823	118449035.000
13112678	118490242.000
13114417	118497576.000
13114765	118503875.000
13115171	118547824.000
13117038	118588360.000
13118901	118628783.000
13120758	118662618.000
13122533	118704438.000
13128569	118821200.000
13130716	118928836.000
13132620	118966736.000
13133602	119066135.000
13135575	119154661.000
13138152	119169091.000
13138822	119171963.000
13139186	119241699.000
13142095	119287610.000
13143975	119333977.000
13145845	119380781.000
13147711	119429106.000
13149564	119479790.000
13151432	119526674.000
13153184	119575323.000
13155063	119623261.000
13156932	119671138.000
13158866	119716119.000
13160705	119760621.000
13162565	119803233.000
13164434	119832692.000
13166049	119860105.000
13171195	119892270.000
13172925	120017537.000
13174806	120101428.000
13176468	120207401.000
13178336	120305010.000
13180305	120324506.000
13181266	120370798.000
13183110	120417557.000
13185094	120447812.000
13186449	120495928.000
13188414	120540595.000
13190284	120589931.000
13192329	120637097.000
13194197	120637607.000
13194301	120690297.000
13196313	120736926.000
13198119	120785029.000
13199980	120832913.000
13201854	120879965.000
13203747	120898415.000
13204545	120944817.000
13206486	120985429.000
13208261	121039004.000
13213700	121152852.000
13216592	121256159.000
13218463	121358852.000
13220353	121457147.000
13222246	121477536.000
13223138	121522686.000
13225015	121569744.000
13226909	121575928.000
13227323	121620993.000
13229157	121669648.000
13231048	121716217.000
13232932	121766472.000
13234852	121816533.000
13236732	121864291.000
13238618	121914513.000
13240455	121963887.000
13242397	122011771.000
13244278	122060946.000
13246432	122105576.000
13248292	122150067.000
13250224	122182551.000
13252006	122200932.000
13263858	122351650.000
13265864	122482906.000
13268232	122587581.000
13270156	122685945.000
13272033	122726872.000
13273568	122751379.000
13274707	122799107.000
13276590	122844589.000
13278469	122890927.000
13280751	122939059.000
13282645	122987518.000
13284531	123035161.000
13286406	123083549.000
13288295	123132278.000
13290174	123181399.000
13292142	123190321.000
13292978	123235667.000
13294871	123280601.000
13296751	123323904.000
13298640	123365292.000
13300469	123405325.000
13302374	123444996.000
13304291	123503197.000
13307178	123546702.000
13309427	123572665.000
13310873	123597023.000
13315939	123758655.000
13318597	123816287.000
13319638	123921701.000
13321557	124008738.000
13323377	124106471.000
13325591	124173180.000
13328353	124184158.000
13328935	124200582.000
13329832	124257560.000
13332224	124326172.000
13335027	124394106.000
13337842	124461171.000
13340402	124465107.000
13348288	124502036.000
13349933	124545577.000
13351868	124584035.000
13353617	124608907.000
13401050	124653857.000
13401836	124769497.000
13403789	124920355.000
13406573	125061337.000
13409382	125148327.000
13411291	125162532.000
13411902	125194707.000
13479455	125349861.000
13482416	125497051.000
13485205	125617089.000
13487834	125680553.000
13489748	125710510.000
13491144	125710510.000
13491656	125782202.000
13494078	125824932.000
13495451	125824932.000
13496314	125824932.000
13497067	125880625.000
13498786	125944333.000
13501253	126018547.000
13504033	126099314.000
13507217	126145297.000
13509130	126188859.000
13510995	126230900.000
13512868	126270587.000
13514716	126290770.000
13515932	126309713.000
13553740	126329274.000
13554131	126445364.000
13556029	126553819.000
13557904	126655134.000
13559778	126655134.000
13571745	126767201.000
13573481	126774701.000
13574123	126928055.000
13576930	127010359.000
13578663	127010359.000
13578748	127124047.000
13581416	127151712.000
13582904	127230369.000
13586183	127280765.000
13588297	127341810.000
13590762	127411771.000
13593469	127479026.000
13596053	127541721.000
13598443	127550849.000
13601529	127561331.000
13602149	127573737.000
13602637	127625988.000
13604623	127676074.000
13606538	127723928.000
13608867	127770597.000
13610737	127804782.000
13615434	127858280.000
13617545	127909149.000
13619358	128013808.000
13621349	128104743.000
13623207	128225691.000
13626008	128232305.000
13626350	128288642.000
13628553	128337067.000
13630418	128384285.000
13632274	128435181.000
13634291	128485164.000
13636299	128536355.000
13638321	128588664.000
13640343	128654342.000
13642847	128701525.000
13644709	128748169.000
13646584	128795921.000
13648413	128863154.000
13651132	128927307.000
13653865	128949073.000
13666933	129080951.000
13668943	129254652.000
13671802	129405945.000
13674581	129515381.000
13676728	129579399.000
13679055	129656993.000
13681847	129716344.000
13683944	129731433.000
13684522	129751385.000
13685368	129847509.000
13688210	129901822.000
13689839	129914626.000
13690296	129965849.000
13692206	130019340.000
13694226	130069342.000
13696102	130122057.000
13698080	130168301.000
13718456	130304968.000
13720312	130425233.000
13722260	130536054.000
13724163	130634040.000
13726012	130742732.000
13728413	130787837.000
13730259	130833364.000
13732105	130880034.000
13734033	130890714.000
13737096	130951555.000
13739259	131003151.000
13741174	131053609.000
13743059	131102101.000
13744889	131150830.000
13746739	131198197.000
13748576	131245969.000
13750412	131293540.000
13752285	131350849.000
13754642	131427440.000
13761144	131583058.000
13763414	131700741.000
13765269	131831684.000
13767631	131960778.000
13770512	132013790.000
13772621	132028306.000
13773411	132100555.000
13775992	132163669.000
13778316	132211047.000
13780349	132281686.000
13782902	132341087.000
13785024	132393587.000
13786907	132450056.000
13788953	132499067.000
13790805	132549975.000
13792787	132595561.000
13794657	132643819.000
13796681	132687570.000
13798624	132730320.000
13803422	132749342.000
13804093	132874651.000
13805956	132991625.000
13807816	133094339.000
13809659	133197259.000
13811500	133318897.000
13813890	133372147.000
13815227	133432919.000
13817368	133483394.000
13819190	133526005.000
13821059	133540876.000
13821961	133547439.000
13822490	133567203.000
13823213	133644573.000
13825982	133732331.000
13829128	133788689.000
13831283	133858503.000
13834032	133931057.000
13836798	133959718.000
13838134	134007056.000
13840128	134061344.000
13866970	134238332.000
13869807	134329935.000
13871515	134444181.000
13873701	134523059.000
13875646	134590337.000
13878363	134646268.000
13880531	134692565.000
13882356	134742362.000
13884201	134791531.000
13886076	134837480.000
13887915	134887141.000
13889753	134920759.000
13891074	134970694.000
13892948	135021212.000
13894923	135066992.000
13896760	135114399.000
13898635	135160126.000
13900547	135201272.000
13902437	135244663.000
13904391	135266172.000
13908992	135386112.000
13910910	135497064.000
13912750	135593558.000
13914635	135700403.000
13916538	135785707.000
13918452	135838034.000
13920504	135887886.000
13922391	135933960.000
13924247	135979416.000
13926113	136023970.000
13927960	136068061.000
13929787	136110882.000
13931654	136160282.000
13933433	136172675.000
13934189	136222304.000
13936045	136290507.000
13938627	136337545.000
13940537	136348184.000
13941078	136393223.000
13942981	136439272.000
13944920	136455329.000
13945690	136501548.000
13947680	136508600.000
13960901	136638762.000
13962792	136682369.000
13964836	136710934.000
13966696	136724751.000
13967271	136735255.000
13968272	136735255.000
13968465	136736469.000
13968637	136749811.000
13969192	136777728.000
13970273	136798553.000
13971034	136802986.000
13971405	136857698.000
13973286	136886486.000
13974324	136913654.000
13975455	136954985.000
13977263	136999302.000
13979066	137050160.000
13981001	137060791.000
13981509	137106976.000
13983391	137155222.000
13985216	137168615.000
13988802	137171166.000
13989018	137208868.000
13990783	137244520.000
13992674	137287000.000
13994531	137331506.000
13996482	137371336.000
13998353	137397498.000
14009161	137531812.000
14011097	137637153.000
14012921	137690110.000
14017155	137809083.000
14019047	137938353.000
14021090	138018255.000
14022969	138127478.000
14024963	138189181.000
14026585	138198229.000
14027018	138243628.000
14028902	138284321.000
14030493	138332226.000
14032231	138344428.000
14033240	138394298.000
14035132	138441063.000
14036928	138488618.000
14038823	138531261.000
14040472	138563445.000
14041734	138612000.000
14043589	138629330.000
14046046	138677447.000
14047954	138718146.000
14049734	138761742.000
14051595	138802211.000
14053380	138811047.000
14053841	138851741.000
14062438	138978173.000
14064321	139073566.000
14066204	139095382.000
14066651	139192782.000
14068500	139286053.000
14070372	139335399.000
14071788	139339248.000
14071991	139390337.000
14073935	139438391.000
14075789	139487263.000
14077648	139518798.000
14078939	139528309.000
14079397	139581045.000
14081418	139621390.000
14083289	139670724.000
14085180	139721005.000
14087050	139742813.000
14088085	139793558.000
14090044	139834063.000
14091581	139879246.000
14093455	139924193.000
14095321	139967290.000
14097191	140011072.000
14099080	140055169.000
14105066	140187242.000
14107154	140279748.000
14108984	140362179.000
14110877	140448467.000
14112886	140519772.000
14114308	140529636.000
14114770	140575437.000
14116647	140626188.000
14118643	140663295.000
14120062	140704986.000
14121825	140759335.000
14123704	140812309.000
14125619	140868868.000
14128240	140881724.000
14128978	140931862.000
14130568	140967885.000
14148194	141070522.000
14150048	141209779.000
14152554	141231589.000
14153016	141339086.000
14154900	141445006.000
14156741	141471575.000
14157669	141476483.000
14157930	141530160.000
14159768	141589866.000
14161718	141640527.000
14163305	141651486.000
14163757	141710810.000
14165620	141772044.000
14167479	141830070.000
14169347	141886857.000
14171228	141912270.000
14172113	141965865.000
14173997	142013431.000
14175781	142065437.000
14177750	142121055.000
14179774	142167617.000
14181662	142212975.000
14183551	142261981.000
14185555	142305932.000
14200944	142417363.000
14202870	142484054.000
14204868	142528628.000
14205982	142528716.000
14206068	142629488.000
14208185	142693159.000
14209498	142705413.000
14209969	142715994.000
14210494	142774476.000
14212414	142829973.000
14214310	142884617.000
14216163	142949223.000
14218252	143010049.000
14220152	143071690.000
14222053	143128319.000
14223754	143189713.000
14225614	143250276.000
14227615	143261879.000
14228086	143317328.000
14229999	143320047.000
14230278	143373020.000
14239544	143502718.000
14241384	143516383.000
14241986	143627415.000
14243608	143652655.000
14244025	143698200.000
14244876	143799733.000
14246735	143882060.000
14248901	143883624.000
14249028	143942441.000
14251097	143984468.000
14252485	144043042.000
14254479	144103212.000
14256383	144167661.000
14258289	144230560.000
14260199	144293462.000
14262087	144332298.000
14263986	144348705.000
14264614	144403071.000
14266041	144442607.000
14285357	144580410.000
14287275	144675291.000
14289574	144797897.000
14291506	144914267.000
14293445	144984160.000
14295035	145045702.000
14296922	145108030.000
14298863	145165221.000
14300637	145230435.000
14302806	145262398.000
14304123	145270472.000
14304445	145321887.000
14306152	145384857.000
14308053	145447535.000
14309969	145491974.000
14311330	145558917.000
14313294	145562276.000
14313480	145620914.000
14315317	145675557.000
14317173	145731936.000
14319048	145790296.000
14321133	145818333.000
14322286	145828352.000
14322728	145873459.000
14324575	145889811.000
14328547	146008470.000
14330448	146103383.000
14332228	146126744.000
14332738	146141254.000
14333174	146217565.000
14334791	146330325.000
14337211	146341286.000
14337736	146344656.000
14337927	146398362.000
14339778	146455435.000
14341678	146513103.000
14344433	146575329.000
14346297	146636003.000
14348163	146698372.000
14350063	146760269.000
14351948	146801487.000
14353575	146864144.000
14355553	146928848.000
14357419	146971472.000
14359198	147009385.000
14360253	147067472.000
14362150	147127379.000
14364216	147180430.000
14366050	147228538.000
14371526	147294290.000
14372472	147432764.000
14374363	147504970.000
14375754	147603299.000
14377635	147677641.000
14378948	147788504.000
14381032	147797772.000
14381363	147859779.000
14383245	147927842.000
14385321	147978351.000
14386882	148038700.000
14388768	148103809.000
14390776	148168669.000
14392666	148235111.000
14394671	148292437.000
14396721	148349710.000
14398379	148408409.000
14400291	148468772.000
14402222	148529830.000
14404168	148560856.000
14405307	148615364.000
14407205	148668476.000
14409040	148673279.000
14409265	148682781.000
14409668	148714013.000
14430491	148839484.000
14432363	148918460.000
14436057	149016708.000
14437807	149082020.000
14439492	149139836.000
14441358	149196285.000
14443297	149255024.000
14445177	149316682.000
14447165	149374104.000
14448917	149417222.000
