6648831	7857.000
6649076	35358.000
6650173	77918.000
6651621	87068.000
6651918	153999.000
6653573	167977.000
6653971	183072.000
6657746	218880.000
6658729	287245.000
6660555	362730.000
6662551	428646.000
6664204	485873.000
6665765	490477.000
6665957	493354.000
6666155	570820.000
6668105	646211.000
6670157	691447.000
6674985	762223.000
6677809	766387.000
6678112	814980.000
6679375	866298.000
6680741	924024.000
6694980	953688.000
6696368	1006160.000
6697859	1018734.000
6698630	1056254.000
6701545	1061306.000
6704409	1085141.000
6705130	1089801.000
6705294	1166914.000
6707383	1171441.000
6707683	1198473.000
6713732	1210671.000
6714352	1258645.000
6715489	1265752.000
6716039	1269537.000
6716337	1271334.000
6716734	1307929.000
6717728	1324270.000
6720315	1336153.000
6720626	1369769.000
6741448	1420207.000
6743360	1432771.000
6743715	1505693.000
6745723	1561754.000
6747644	1580932.000
6748197	1647347.000
6753279	1670904.000
6753974	1676763.000
6754401	1681005.000
6755103	1749034.000
6757035	1752878.000
6757201	1756329.000
6757341	1756329.000
6757538	1756329.000
6758579	1762843.000
6759193	1833657.000
6760987	1863969.000
6762009	1870428.000
6762294	1892674.000
6763093	1944644.000
6802923	1981591.000
6804140	2002654.000
6804757	2053078.000
6806168	2078429.000
6806847	2111189.000
6812205	2114606.000
6812947	2118087.000
6813766	2124566.000
6815112	2142644.000
6820640	2169144.000
6821378	2223805.000
6822981	2233373.000
6823270	2278640.000
6824899	2348359.000
6826786	2420491.000
6828685	2492767.000
6830543	2513764.000
6838679	2553110.000
6839995	2567595.000
6840658	2633704.000
6842526	2698112.000
6844354	2698112.000
6844827	2766868.000
6846691	2839193.000
6848608	2839193.000
6849453	2889854.000
6850798	2938893.000
6856611	3007090.000
6858525	3085128.000
6860727	3114498.000
6861496	3152090.000
6862464	3161087.000
6862766	3230541.000
6864594	3277978.000
6865784	3347694.000
6867651	3386989.000
6868652	3439513.000
6896258	3483382.000
6897599	3488610.000
6898537	3516325.000
6899335	3532132.000
6899835	3538577.000
6900241	3542562.000
6900488	3576802.000
6901421	3624030.000
6902851	3653283.000
6903660	3715936.000
6905301	3720897.000
6905496	3732693.000
6905850	3801352.000
6907610	3814902.000
6908017	3828533.000
6908402	3869905.000
6920213	3945059.000
6922311	4015532.000
6924201	4085342.000
6926072	4157083.000
6927953	4230497.000
6929834	4299513.000
6931573	4366649.000
6936616	4416064.000
6938184	4479590.000
6939917	4526534.000
6941212	4570463.000
6942373	4628356.000
6943886	4698874.000
6945795	4777224.000
6947748	4808461.000
6949597	4838092.000
6958114	4907692.000
6960311	4910980.000
6961228	4964850.000
6962651	5001409.000
6963563	5053859.000
6964861	5129636.000
6966740	5157842.000
6967933	5195594.000
6968878	5256458.000
6970312	5315945.000
6971821	5338444.000
6972439	5419168.000
6979701	5419241.000
6979931	5420713.000
6980191	5476250.000
6981778	5531181.000
6983438	5587521.000
6985111	5660050.000
6986995	5690053.000
6987802	5691064.000
6987926	5780118.000
6990190	5813549.000
6991070	5854908.000
6992128	5908407.000
6997446	5977938.000
6999393	5998551.000
7000313	6072947.000
7002216	6142388.000
7003921	6219598.000
7005836	6299748.000
7007751	6379050.000
7009622	6434942.000
7014369	6504864.000
7016217	6576535.000
7018003	6652346.000
7019850	6730305.000
7021724	6809485.000
7023605	6886186.000
7025403	6953261.000
7026994	6954219.000
7027073	6986095.000
7027904	7032809.000
7034627	7035931.000
7034833	7072686.000
7036257	7108060.000
7037207	7180744.000
7039144	7255830.000
7041471	7334643.000
7043467	7385360.000
7044701	7455987.000
7052543	7526057.000
7054598	7585789.000
7056123	7661242.000
7058004	7674374.000
7058767	7754824.000
7060717	7823093.000
7062409	7942789.000
7065180	7952489.000
7090117	8033259.000
7091979	8112919.000
7093780	8140103.000
7094640	8228609.000
7096555	8319766.000
7098452	8413301.000
7100335	8472266.000
7107653	8527071.000
7109289	8545406.000
7110070	8549387.000
7110255	8621360.000
7112118	8685170.000
7114048	8749375.000
7115952	8822698.000
7117797	8825768.000
7118014	8857859.000
7118810	8925387.000
7120650	8952911.000
7121502	8954709.000
7121752	8955626.000
7133319	8957045.000
7133726	9010997.000
7135406	9073804.000
7137417	9136182.000
7139013	9207535.000
7140769	9281733.000
7142607	9365128.000
7144474	9449580.000
7146338	9497649.000
7156432	9524878.000
7157493	9546158.000
7158178	9616696.000
7160248	9686618.000
7162246	9774461.000
7164592	9862935.000
7166799	9931254.000
7168412	10014250.000
7170302	10067110.000
7175105	10107115.000
7176332	10174514.000
7178277	10245671.000
7180170	10319376.000
7182143	10396796.000
7184025	10474593.000
7185904	10555201.000
7187765	10605142.000
7198831	10652432.000
7200218	10722743.000
7202243	10768228.000
7203592	10819438.000
7205033	10889700.000
7206832	10933313.000
7207947	10953724.000
7208484	11023083.000
7210257	11049191.000
7210979	11056444.000
7211236	11129541.000
7213109	11170204.000
7214162	11238337.000
7215802	11274720.000
7260294	11302347.000
7261353	11305249.000
7261513	11308252.000
7261683	11310744.000
7261821	11374969.000
7263580	11445558.000
7265442	11518383.000
7267297	11594788.000
7269161	11672168.000
7271130	11758334.000
7281879	11774983.000
7282785	11798460.000
7284370	11859464.000
7286532	11913449.000
7287958	11978518.000
7289676	12046561.000
7291320	12048713.000
7291782	12088475.000
7292785	12091726.000
7292961	12142677.000
7294239	12166772.000
7295246	12226898.000
7296850	12282265.000
7298385	12290430.000
7298656	12319800.000
7299510	12374933.000
7317126	12390906.000
7317613	12395712.000
7317779	12419921.000
7318851	12437391.000
7319917	12458687.000
7320557	12524384.000
7322357	12532590.000
7322668	12535647.000
7322866	12540075.000
7323065	12596031.000
7325218	12623522.000
7326358	12684725.000
7328205	12744575.000
7330047	12802598.000
7331694	12824102.000
7332339	12854320.000
7337987	12883534.000
7339066	12932425.000
7340695	12999970.000
7342572	13065008.000
7344484	13131428.000
7346371	13197342.000
7348258	13262612.000
7350133	13326631.000
7352011	13391560.000
7353889	13457207.000
7355819	13497000.000
7357483	13536218.000
7359120	13587339.000
7360809	13601827.000
7361290	13616870.000
7361797	13631689.000
7362264	13646655.000
7362737	13661462.000
7363215	13675697.000
7363685	13690740.000
7364180	13705418.000
7364652	13720241.000
7365128	13762517.000
7366401	13819008.000
7429228	13897280.000
7431262	13938546.000
7432490	13999860.000
7434175	14023688.000
7434881	14080050.000
7436844	14127489.000
7438278	14138854.000
7438836	14193968.000
7440679	14256318.000
7442546	14314684.000
7444440	14375407.000
7446327	14460526.000
7449431	14494090.000
7450601	14544931.000
7452509	14610195.000
7454312	14669910.000
7476379	14680252.000
7476716	14688644.000
7477081	14737243.000
7478790	14751996.000
7479318	14785566.000
7481356	14799461.000
7482718	14811083.000
7484404	14821860.000
7485682	14827032.000
7486533	14831706.000
7487103	14848240.000
7488833	14865562.000
7490958	14882632.000
7492741	14901191.000
7494731	14904857.000
7495321	14921922.000
7497284	14939035.000
7498905	14956361.000
7500828	14986347.000
7502986	15003583.000
7504839	15023046.000
7506474	15043526.000
7508351	15047443.000
7508818	15048142.000
7508944	15063582.000
7510382	15065119.000
7510588	15070295.000
7516694	15083873.000
7518292	15102063.000
7520281	15121237.000
7522856	15143583.000
7525213	15144057.000
7525570	15163821.000
7527695	15182658.000
7529765	15200860.000
7531872	15219008.000
7533876	15235334.000
7535786	15241194.000
7536341	15258417.000
7538252	15269594.000
7540399	15288826.000
7542347	15309181.000
7544301	15319506.000
7545412	15339943.000
7547302	15364201.000
7549091	15369921.000
7550102	15381781.000
7563709	15388372.000
7565230	15396705.000
7567273	15416960.000
7569234	15437415.000
7571262	15456896.000
7573115	15476283.000
7574960	15495348.000
7576934	15504016.000
7577941	15521544.000
7579810	15541366.000
7581703	15559884.000
7583578	15563922.000
7584064	15569210.000
7588899	15574039.000
7589394	15597064.000
7591393	15599706.000
7593025	15604692.000
7593526	15609560.000
7604512	15625209.000
7606091	15644344.000
7608231	15660953.000
7610133	15677140.000
7612011	15694244.000
7613911	15716934.000
7616800	15741033.000
7619112	15759456.000
7621020	15777563.000
7622975	15796608.000
7624866	15816039.000
7626906	15834501.000
7647685	15847693.000
7649099	15850975.000
7649910	15854998.000
7650389	15874867.000
7652396	15878993.000
7653028	15891939.000
7660806	15905725.000
7671610	15926571.000
7673255	15942004.000
7674608	15951618.000
7675554	15970238.000
7677424	15987247.000
7679297	16000403.000
7680854	16014156.000
7682309	16033219.000
7684314	16051903.000
7686085	16065359.000
7687536	16085273.000
7689411	16104294.000
7691304	16126917.000
7693526	16146380.000
7695424	16166515.000
7697292	16185778.000
7699167	16208379.000
7701243	16232187.000
7703360	16258821.000
7705802	16266469.000
7725894	16289221.000
7727766	16310238.000
7729674	16329996.000
7731761	16347326.000
7733712	16366637.000
7735699	16376388.000
7736736	16382451.000
7737653	16401131.000
7739648	16409826.000
7740556	16430659.000
7742820	16448793.000
7744543	16468967.000
7746513	16479649.000
7747690	16498156.000
7749557	16509155.000
7750876	16529837.000
7752748	16550340.000
7754611	16556664.000
7755302	16576741.000
7757304	16594680.000
7758834	16619904.000
7764940	16622966.000
7765796	16635373.000
7767198	16654747.000
7768977	16665792.000
7776437	16691832.000
7778478	16712811.000
7780367	16733753.000
7782590	16751445.000
7784505	16751446.000
7784618	16769587.000
7786470	16785141.000
7788071	16805059.000
7805832	16805059.000
7806950	16805059.000
7807327	16805059.000
7807473	16830552.000
7809541	16839796.000
7818351	16839796.000
7818503	16839796.000
7823358	16865880.000
7825182	16886662.000
7828355	16910150.000
7830896	16928821.000
7832792	16943229.000
7834318	16955798.000
7835868	16973214.000
7837720	16991618.000
7839750	17010398.000
7841606	17023488.000
7843075	17042130.000
7844949	17043669.000
7845294	17062632.000
7847177	17081045.000
7848966	17102384.000
7851156	17123166.000
7853035	17142991.000
7854828	17163642.000
7856706	17170160.000
7857372	17173086.000
7874223	17199444.000
7876136	17221738.000
7877973	17227685.000
7901131	17254158.000
7903086	17274040.000
7904802	17293134.000
7906646	17310828.000
7908479	17329046.000
7910339	17347636.000
7912423	17355526.000
7913771	17370768.000
7915469	17385198.000
7917650	17396465.000
7919084	17415840.000
7921013	17434827.000
7922917	17451276.000
7924773	17469675.000
7926608	17489109.000
7928478	17510305.000
7930846	17530540.000
7932789	17560567.000
7953278	17587042.000
7955153	17607222.000
7956937	17607225.000
7957114	17626487.000
7959028	17644370.000
7960893	17663630.000
7962920	17683943.000
7964847	17704536.000
7966753	17714471.000
7968199	17728301.000
7969649	17734539.000
7970413	17751014.000
8031392	17752221.000
8031724	17774002.000
8033229	17801134.000
8035193	17823078.000
8037072	17843758.000
8039004	17863660.000
8040896	17883329.000
8042827	17904042.000
8044781	17924244.000
8046652	17944531.000
8048521	17965591.000
8050430	17978599.000
8051618	17985080.000
8052287	17988769.000
8052753	17992017.000
8053258	17997880.000
8053920	18018129.000
8055902	18036653.000
8057627	18045698.000
8058492	18065667.000
8060292	18075425.000
8076517	18103766.000
8078846	18124738.000
8080910	18146323.000
8082817	18165613.000
8084599	18187332.000
8086459	18208807.000
8088366	18230587.000
8090311	18246987.000
8091820	18256490.000
8092769	18275711.000
8094687	18293007.000
8096472	18310774.000
8098239	18330244.000
8100226	18349550.000
8102015	18369967.000
8103867	18391688.000
8105757	18412573.000
8107598	18437560.000
8109677	18454494.000
8111059	18462068.000
8116150	18482864.000
8117723	18499136.000
8119512	18520488.000
8121506	18541331.000
8123514	18560139.000
8125389	18580280.000
8127299	18583298.000
8128469	18603961.000
8130358	18628304.000
8132496	18651044.000
8134545	18671068.000
8136521	18690801.000
8138428	18709942.000
8140290	18729438.000
8142173	18749582.000
8144041	18769474.000
8145974	18789510.000
8147822	18810578.000
8149754	18832765.000
8151648	18850046.000
8183858	18872906.000
8185668	18897380.000
8187299	18921196.000
8189194	18942061.000
8191047	18958654.000
8194583	18979234.000
8196475	18998463.000
8198242	19004222.000
8199791	19043427.000
8202510	19062275.000
8204347	19079109.000
8206611	19099471.000
8208526	19105898.000
8218490	19106740.000
8219152	19124189.000
8221992	19132506.000
8222863	19136507.000
8223680	19155451.000
8225607	19174301.000
8227524	19193628.000
8229554	19213113.000
8231477	19228840.000
8234877	19237156.000
8236041	19255569.000
8237922	19274078.000
8239778	19296318.000
8241892	19317655.000
8243885	19338015.000
8245783	19359431.000
8247755	19380251.000
8249618	19398072.000
8251511	19418666.000
8253378	19440031.000
8255245	19456316.000
8256592	19472431.000
8263351	19499998.000
8265285	19524577.000
8267268	19541466.000
8269114	19559738.000
8271020	19562606.000
8271377	19580703.000
8273253	19590580.000
8274253	19593609.000
8275168	19597595.000
8275602	19598172.000
8275713	19606283.000
8276803	19624643.000
8278599	19640662.000
8280454	19657824.000
8282305	19675308.000
8284311	19680871.000
8302049	19701335.000
8303913	19726574.000
8306103	19746727.000
8308155	19766369.000
8310053	19787373.000
8312086	19799721.000
8313255	19820206.000
8315184	19837897.000
8316876	19857177.000
8318738	19877148.000
8320597	19884637.000
8321355	19892272.000
8322080	19904304.000
8323260	19915246.000
8324570	19935963.000
8326447	19952519.000
8328533	19956958.000
8329622	19980525.000
8331597	20005585.000
8333687	20028149.000
8335564	20042339.000
8365140	20049209.000
8365978	20074448.000
8368208	20093402.000
8370091	20104888.000
8371937	20124893.000
8373792	20145417.000
8375736	20145983.000
8375854	20169347.000
8378145	20187354.000
8379881	20198689.000
8383722	20219947.000
8385811	20239979.000
8387713	20261414.000
8389789	20283292.000
8391753	20289507.000
8392348	20311442.000
8394222	20334079.000
8396125	20357745.000
8398015	20380233.000
8406220	20407697.000
8408114	20431001.000
8410017	20451369.000
8411873	20470530.000
8413762	20489714.000
8415725	20506773.000
8417898	20510117.000
8418333	20531188.000
8420751	20534664.000
8421201	20541960.000
8422103	20561479.000
8423969	20581059.000
8425849	20600265.000
8427703	20605515.000
8429278	20610521.000
8429922	20632944.000
8435097	20640820.000
8435910	20662753.000
8437878	20685787.000
8439872	20708121.000
8441743	20728478.000
8443452	20751614.000
8445430	20773307.000
8447717	20780371.000
8448322	20803766.000
8450203	20813730.000
8451373	20838035.000
8453214	20849058.000
8454262	20872887.000
8456111	20881561.000
8457087	20881774.000
8457660	20907367.000
8459539	20932516.000
8461417	20961067.000
8463443	20969439.000
8464090	20995071.000
8466051	21013597.000
8467672	21029087.000
8468920	21037360.000
8469534	21065796.000
8472020	21093688.000
8477886	21098302.000
8478448	21100406.000
8478955	21113447.000
8480974	21129551.000
8483160	21136175.000
8484322	21137529.000
8484694	21143612.000
8485759	21144278.000
8486004	21148777.000
8486723	21152868.000
8487553	21163233.000
8489456	21177161.000
8491472	21188608.000
8493080	21199336.000
8494938	21210660.000
8496798	21217697.000
8498729	21221038.000
8500550	21235423.000
8502061	21253413.000
8505512	21274359.000
8507490	21293643.000
8509490	21314433.000
8511337	21336316.000
8513242	21347385.000
8514234	21352260.000
8514633	21379106.000
8516655	21388991.000
8537743	21418419.000
8540378	21419686.000
8540550	21430790.000
8541430	21453388.000
8543321	21474154.000
8545185	21491370.000
8546717	21514870.000
8548604	21536611.000
8550504	21540161.000
8550907	21540632.000
8551026	21561242.000
8552927	21583040.000
8554791	21588669.000
8555306	21593568.000
8555835	21609725.000
8649614	21640339.000
8651567	21664548.000
8653470	21684692.000
8655339	21696702.000
8661460	21716854.000
8663349	21737750.000
8665548	21741463.000
8666296	21763043.000
8668181	21771418.000
8668935	21789524.000
8670881	21800385.000
8672308	21803885.000
8672686	21824218.000
8674614	21831870.000
8675805	21841983.000
8676756	21863392.000
8678630	21886257.000
8680522	21909481.000
8682465	21926027.000
8684311	21929113.000
8713729	21938249.000
8714246	21981674.000
8716145	21994391.000
8716726	22001946.000
8726226	22026445.000
8728069	22049046.000
8730001	22067879.000
8731882	22086028.000
8733794	22104382.000
8735698	22123838.000
8737555	22142981.000
8739488	22161984.000
8741469	22168282.000
8742162	22187731.000
8744059	22206787.000
8746050	22224252.000
8747916	22241310.000
8749948	22259161.000
8751805	22277994.000
8753673	22285529.000
8754436	22304442.000
8756282	22311430.000
8757074	22331877.000
8758975	22340501.000
8760160	22360372.000
8762146	22381933.000
8764051	22384841.000
8764451	22405589.000
8784135	22427651.000
8785995	22447219.000
8787746	22451067.000
8788167	22472861.000
8790023	22491357.000
8791928	22505816.000
8793790	22524319.000
8795675	22541493.000
8797530	22543553.000
8798895	22562207.000
8800781	22579868.000
8802500	22598396.000
8819926	22600301.000
8820963	22623625.000
8822837	22643947.000
8824718	22662200.000
8826566	22680296.000
8828427	22698978.000
8830298	22717750.000
8832239	22737009.000
8834203	22751220.000
8837496	22769745.000
8839340	22787442.000
8841203	22801024.000
8842996	22819814.000
8844842	22838713.000
8846695	22852016.000
8848337	22870999.000
8850196	22871003.000
8850290	22890802.000
8852141	22905092.000
8853688	22905093.000
8853855	22921723.000
8859252	22946198.000
8861095	22971486.000
8863174	22990214.000
8865030	23007858.000
8866872	23028983.000
8868944	23048087.000
8870826	23067349.000
8872691	23087108.000
8874576	23102990.000
8876186	23105234.000
8876485	23112216.000
8877233	23126841.000
8878792	23129378.000
8879760	23130031.000
8880026	23130711.000
8880399	23130711.000
8880621	23130711.000
8880813	23146464.000
8882559	23146464.000
8883140	23167483.000
8885669	23185939.000
8887605	23207215.000
8889731	23225378.000
8891469	23242308.000
8893017	23262382.000
8898536	23286916.000
8900421	23305306.000
8916141	23328603.000
8918097	23351355.000
8919987	23365032.000
8921417	23382924.000
8923276	23400430.000
8925128	23418598.000
8926981	23437254.000
8928816	23456724.000
8930680	23463064.000
8931343	23482226.000
8933255	23487747.000
8933940	23506289.000
8935788	23524089.000
8937629	23542735.000
8939497	23559573.000
8941348	23573866.000
8942791	23580632.000
8943478	23600021.000
8945337	23620461.000
8947206	23630085.000
8948172	23648670.000
8949855	23665500.000
8956124	23688365.000
8957955	23710265.000
8959929	23725654.000
8961413	23733239.000
8962837	23752166.000
8964681	23770182.000
8966518	23788251.000
8968337	23804348.000
8970038	23823501.000
8971933	23834253.000
8973113	23852302.000
8974958	23871362.000
8976816	23874613.000
8977513	23892494.000
8979346	23911199.000
8981302	23929736.000
8983330	23944970.000
8985220	23947016.000
8990431	23970765.000
8992323	23992642.000
8994204	24012773.000
8996553	24031712.000
8998570	24050507.000
9000485	24069613.000
9002539	24089404.000
9004523	24098043.000
9005385	24115992.000
9007152	24131826.000
9008828	24149368.000
9010839	24166953.000
9012694	24166954.000
9012804	24191544.000
9014673	24191549.000
9014747	24214866.000
9016595	24238144.000
9018433	24261204.000
9020279	24283635.000
9022133	24308974.000
9024168	24326147.000
9033828	24338642.000
9035121	24338643.000
9035184	24353637.000
9036756	24374249.000
9038612	24393579.000
9040512	24403000.000
9046523	24426931.000
9048366	24448626.000
9050324	24465968.000
9052089	24484825.000
9053941	24503829.000
9055841	24523205.000
9057695	24542975.000
9059532	24542976.000
9059771	24545127.000
9060260	24546146.000
9060440	24554831.000
9061408	24571059.000
9063132	24590760.000
9065062	24608076.000
9066919	24627038.000
9068773	24628526.000
9069096	24651700.000
9071282	24673780.000
9073203	24688073.000
9074527	24714077.000
9076678	24739263.000
9078663	24765536.000
9080574	24791550.000
9082544	24817192.000
9084657	24823377.000
9088653	24847130.000
9090751	24870377.000
9092662	24890431.000
9094772	24909498.000
9096694	24929453.000
9098601	24949202.000
9100470	24970579.000
9102642	24975342.000
9103395	24992009.000
9105241	25009504.000
9107427	25029151.000
9109279	25047193.000
9111333	25063909.000
9113542	25085488.000
9115475	25108075.000
9117361	25117499.000
9118561	25139510.000
9120540	25163174.000
9122063	25188644.000
9123907	25195173.000
9131265	25219208.000
9133168	25237975.000
9134927	25239526.000
9135207	25259188.000
9137082	25278930.000
9139185	25298776.000
9141050	25322123.000
9143175	25337710.000
9144941	25340279.000
9145286	25359330.000
9147948	25378807.000
9149928	25399541.000
9151876	25420803.000
9153749	25442766.000
9155644	25463818.000
9157528	25486037.000
9159379	25508981.000
9161258	25531820.000
9164322	25547306.000
9172990	25561861.000
9174059	25588547.000
9175940	25615178.000
9177801	25635252.000
9236489	25662922.000
9238362	25684415.000
9240340	25688747.000
9240820	25694922.000
9241568	25715956.000
9243447	25735406.000
9245301	25755500.000
9247171	25778451.000
9249191	25799435.000
9251569	25804030.000
9252025	25822261.000
9253928	25841061.000
9255779	25852762.000
9257200	25874650.000
9259152	25896055.000
9261017	25919357.000
9262951	25941707.000
9264816	25961396.000
9267801	25979605.000
9269788	26005020.000
9271645	26012149.000
9298956	26035407.000
9300788	26055448.000
9302563	26059328.000
9304868	26064193.000
9305468	26082733.000
9307387	26101095.000
9309272	26120638.000
9311213	26140178.000
9313089	26158813.000
9314884	26162333.000
9315267	26188629.000
9317731	26204401.000
9319607	26205770.000
9320015	26221144.000
9321879	26238169.000
9323927	26257370.000
9325827	26279379.000
9327907	26283367.000
9328307	26303242.000
9330159	26324118.000
9332041	26347115.000
9343004	26375071.000
9344933	26380766.000
9345639	26402779.000
9347485	26407350.000
9347976	26426831.000
9349846	26432710.000
9350428	26450866.000
9352418	26470253.000
9354585	26486356.000
9356454	26503360.000
9358304	26521744.000
9360125	26541365.000
9362472	26560158.000
9364319	26582705.000
9366465	26595449.000
9367686	26596906.000
9367855	26597895.000
9367977	26599942.000
9368205	26607888.000
9368936	26630533.000
9370867	26653528.000
9372925	26674939.000
9374763	26690598.000
9376056	26713012.000
9377875	26719371.000
9396865	26743919.000
9398744	26754710.000
9399790	26771366.000
9401476	26775134.000
9402293	26789262.000
9404058	26793398.000
9405253	26796340.000
9407886	26799249.000
9408425	26800847.000
9409433	26801590.000
9409617	26821655.000
9411524	26841218.000
9413388	26844848.000
9413814	26855145.000
9415205	26859073.000
9415790	26876199.000
9417656	26894347.000
9419518	26910366.000
9421776	26935467.000
9424006	26944690.000
9424950	26964404.000
9426808	26985268.000
9428677	27006199.000
9430633	27029318.000
9432710	27051011.000
9434545	27072829.000
9436410	27094772.000
9438266	27112749.000
9447444	27136203.000
9449306	27155203.000
9451168	27165973.000
9453091	27178701.000
9454509	27197637.000
9456341	27216272.000
9458180	27234770.000
9460021	27255218.000
9462023	27274506.000
9463885	27294115.000
9466130	27310828.000
9467988	27326868.000
9469830	27330557.000
9470447	27338729.000
9471292	27352882.000
9473039	27356047.000
9473489	27363502.000
9474321	27376684.000
9475948	27391431.000
9477603	27391626.000
9477694	27409579.000
9479354	27410883.000
9479642	27423045.000
9480905	27427177.000
9481337	27443155.000
9486424	27467871.000
9488173	27485951.000
9489938	27489680.000
9490386	27509835.000
9492368	27528570.000
9494234	27547858.000
9496101	27567420.000
9497947	27586469.000
9499806	27590120.000
9500427	27596398.000
9501284	27605025.000
9502458	27610969.000
9503385	27616104.000
9504061	27623545.000
9504979	27630689.000
9506041	27648951.000
9507882	27666965.000
9509931	27682978.000
9512044	27701999.000
9513924	27722549.000
9515790	27742625.000
9517694	27763653.000
9519561	27786088.000
9521565	27795334.000
9525516	27819971.000
9527405	27841090.000
9529127	27861575.000
9530960	27875697.000
9532329	27894021.000
9534156	27913133.000
9535988	27931740.000
9537834	27951242.000
9539664	27971615.000
9541540	27991939.000
9543379	28009750.000
9545040	28015513.000
9545965	28032839.000
9547795	28050994.000
9549700	28069811.000
9551555	28088393.000
9553388	28105184.000
9556885	28105235.000
9557132	28127657.000
9558964	28142236.000
9560274	28152436.000
9564340	28176384.000
9566087	28193902.000
9567867	28197270.000
9568258	28214460.000
9570142	28230729.000
9572022	28244113.000
9573871	28262317.000
9575722	28281974.000
9577591	28301046.000
9579396	28304592.000
9579787	28325975.000
9581795	28338667.000
9583331	28354696.000
9585180	28373539.000
9587179	28378985.000
9590333	28402714.000
9592393	28424372.000
9594274	28453652.000
9596794	28475753.000
9598707	28499438.000
9600710	28521790.000
9602576	28544570.000
9604441	28566805.000
9606316	28589626.000
9608179	28612577.000
9610029	28633231.000
9611695	28656756.000
9613542	28680096.000
9615363	28703064.000
9617202	28726227.000
9619024	28749038.000
9620866	28758954.000
9652695	28760160.000
9653609	28770621.000
9654486	28773429.000
9654768	28787241.000
9657375	28799387.000
9658475	28803072.000
9658879	28821910.000
9660737	28840955.000
9662584	28859112.000
9664450	28879392.000
9666311	28899221.000
9668184	28912219.000
9669445	28915866.000
9670017	28935998.000
9671875	28949669.000
9673226	28965864.000
9675124	28983598.000
9677075	29001425.000
9680208	29019599.000
9682059	29038781.000
9683941	29059691.000
9685797	29081466.000
9687664	29085473.000
9691276	29110138.000
9693136	29130977.000
9694859	29148155.000
9696717	29164860.000
9698558	29183269.000
9700441	29201335.000
9703341	29220637.000
9705232	29240991.000
9707096	29260257.000
9708958	29279762.000
9710831	29289399.000
9712086	29306148.000
9713949	29307275.000
9715723	29308517.000
9717777	29309595.000
9719532	29310957.000
9721414	29312274.000
9723263	29313335.000
9725037	29314528.000
9729505	29334175.000
9731114	29336797.000
9731369	29342895.000
9731943	29364316.000
9733869	29381991.000
9735774	29399335.000
9739025	29417006.000
9740888	29436144.000
9742758	29456725.000
9744629	29476862.000
9746494	29496878.000
9748420	29516706.000
9750278	29532455.000
9751748	29533530.000
9753641	29534670.000
9755548	29535414.000
9757107	29535549.000
9757380	29536745.000
9759278	29537934.000
9761303	29538663.000
9763630	29539577.000
9767873	29561233.000
9769764	29583237.000
9771801	29597790.000
9774044	29614990.000
9775904	29632252.000
9777767	29650941.000
9779638	29662365.000
9847024	29662365.000
9847492	29683823.000
9849359	29704493.000
9851232	29723519.000
9853103	29742817.000
9854980	29756378.000
9858045	29768345.000
9859757	29790611.000
9861667	29804871.000
9862920	29813068.000
9868700	29832876.000
9870629	29850627.000
9872488	29869182.000
9874357	29885757.000
9876214	29903031.000
9878069	29922542.000
9879931	29942603.000
9881872	29961998.000
9883725	29981247.000
9885590	30001259.000
9887454	30023934.000
9889648	30042660.000
9891517	30051206.000
9897815	30074732.000
9899681	30093661.000
9901633	30111297.000
9903489	30114194.000
9903827	30121744.000
9904920	30138312.000
9906796	30156383.000
9908674	30174621.000
9910567	30193872.000
9912464	30213557.000
9914284	30223184.000
9915247	30224803.000
9915448	30225797.000
9917309	30226816.000
9919191	30227850.000
9921495	30228960.000
9923391	30230173.000
9925344	30230815.000
9926401	30232167.000
9928275	30233435.000
9930170	30234820.000
9932148	30235331.000
9933147	30236388.000
9934597	30236797.000
9945402	30259397.000
9947272	30278387.000
9949139	30295374.000
9985775	30320988.000
9987626	30342784.000
9989524	30347453.000
9990122	30355482.000
9990986	30372307.000
9992862	30390173.000
9994744	30408423.000
9996618	30426510.000
9998494	30445176.000
   10000377	30464578.000
   10002259	30481521.000
   10003906	30498644.000
   10005565	30499623.000
   10007432	30500732.000
   10009309	30500962.000
   10009857	30502387.000
   10012191	30503642.000
   10014137	30504853.000
   10015967	30506264.000
   10017837	30507671.000
   10019724	30508518.000
   10020862	30508802.000
   10025231	30533784.000
   10027091	30558296.000
   10029131	30577631.000
   10031028	30591347.000
   10038198	30617439.000
   10040046	30638494.000
   10041934	30656781.000
   10043819	30673080.000
   10045561	30690237.000
   10047433	30707819.000
   10049307	30712510.000
   10052039	30731532.000
   10054685	30747660.000
   10056690	30748550.000
   10058560	30749500.000
   10060414	30750687.000
   10062268	30750977.000
   10062916	30751989.000
   10064788	30753074.000
   10066665	30753134.000
   10066940	30754475.000
   10068797	30755809.000
   10070667	30757280.000
   10072534	30758331.000
   10080567	30774699.000
   10081832	30797215.000
   10083688	30817718.000
   10085548	30836079.000
   10087422	30842027.000
   10088238	30860991.000
   10090254	30880695.000
   10092133	30899931.000
   10094004	30918598.000
   10095875	30942528.000
   10098116	30960425.000
   10099846	30961503.000
   10101778	30962637.000
   10103688	30963873.000
   10105574	30965053.000
   10107967	30965985.000
   10110106	30986755.000
   10112039	30987909.000
   10113597	30989098.000
   10115228	30989863.000
   10128039	31002065.000
   10148476	31006284.000
   10148829	31033402.000
   10150722	31057093.000
   10152718	31073621.000
   10154360	31093805.000
   10156219	31114023.000
   10158093	31133936.000
   10159950	31144636.000
   10160964	31145795.000
   10162894	31146968.000
   10164762	31148221.000
   10166643	31149435.000
   10168511	31150592.000
   10170396	31151828.000
   10172300	31153103.000
   10174175	31154586.000
   10176269	31156149.000
   10178239	31157611.000
   10180197	31159098.000
   10182128	31160713.000
   10184212	31162209.000
   10198266	31165085.000
   10198614	31192095.000
   10200467	31215536.000
   10202459	31235341.000
   10204289	31255488.000
   10206175	31274104.000
   10208035	31292700.000
   10209892	31311840.000
   10211826	31331475.000
   10213731	31351515.000
   10215614	31364691.000
   10216858	31365766.000
   10218674	31366899.000
   10220528	31368096.000
   10222390	31369450.000
   10224362	31370826.000
   10226232	31372295.000
   10228091	31373755.000
   10229956	31375258.000
   10231819	31376730.000
   10233683	31377439.000
   10259488	31401688.000
   10261352	31427127.000
   10263282	31451612.000
   10265472	31470567.000
   10267327	31491780.000
   10269405	31510910.000
   10271273	31530741.000
   10273169	31547735.000
   10274835	31560962.000
   10276104	31560987.000
   10276299	31561190.000
   10276731	31561273.000
   10276922	31561887.000
   10278080	31562926.000
   10279854	31564126.000
   10282571	31565384.000
   10284451	31566193.000
   10285670	31566851.000
   10286764	31568304.000
   10288671	31569788.000
   10290548	31571290.000
   10292459	31572728.000
   10294300	31573352.000
   10301170	31598717.000
   10302990	31620317.000
   10304809	31640901.000
   10306694	31659629.000
   10308580	31681555.000
   10310719	31706850.000
   10313233	31732791.000
   10315739	31733958.000
   10317923	31735197.000
   10320095	31736576.000
   10322322	31736890.000
   10322912	31738110.000
   10324919	31739653.000
   10327233	31740444.000
   10328555	31741727.000
   10330477	31743275.000
   10332535	31744526.000
   10337138	31744527.000
   10337413	31765262.000
   10341852	31790091.000
   10343711	31810707.000
   10345445	31831972.000
   10347397	31852044.000
   10349291	31871293.000
   10351152	31891022.000
   10353022	31911405.000
   10354963	31927382.000
   10356565	31949894.000
   10358668	31951033.000
   10360555	31952189.000
   10362406	31952513.000
   10362921	31952513.000
   10363085	31957986.000
   10363722	31959283.000
   10365786	31960192.000
   10367078	31961633.000
   10368991	31963092.000
   10370846	31964577.000
   10372968	31966256.000
   10375081	31967972.000
   10377168	31969521.000
   10379012	31971179.000
   10380883	31972817.000
   10382745	31974505.000
   10387627	31975881.000
   10442270	32004992.000
   10444265	32033456.000
   10446590	32054008.000
   10448452	32074442.000
   10451062	32083558.000
   10452058	32102693.000
   10453939	32103253.000
   10454970	32104351.000
   10456839	32105443.000
   10458722	32106562.000
   10460584	32107790.000
   10462426	32108151.000
   10463050	32109524.000
   10464918	32110886.000
   10466771	32112430.000
   10468899	32113942.000
   10470782	32114616.000
   10472120	32116142.000
   10473982	32117792.000
   10476090	32119076.000
   10477612	32120734.000
   10479525	32122422.000
   10481442	32124610.000
   10520340	32124611.000
   10520470	32133311.000
   10521074	32133312.000
   10521192	32134365.000
   10522579	32135544.000
   10524309	32136667.000
   10526190	32137561.000
   10527718	32138650.000
   10529708	32139701.000
   10531605	32140832.000
   10533621	32142017.000
   10536455	32142258.000
   10536896	32143578.000
   10538974	32144896.000
   10540843	32146347.000
   10543223	32147739.000
   10545123	32149141.000
   10547140	32150669.000
   10549417	32152189.000
   10551440	32153703.000
   10553346	32154652.000
   10565777	32185980.000
   10568285	32212037.000
   10570601	32233486.000
   10572880	32257274.000
   10575468	32260498.000
   10576256	32266517.000
   10577055	32270164.000
   10577774	32270331.000
   10578551	32271628.000
   10581161	32273045.000
   10584080	32274880.000
   10586957	32276531.000
   10589652	32278651.000
   10592436	32279089.000
   10593092	32280959.000
   10595295	32281239.000
   10595690	32308073.000
   10597838	32331181.000
   10599719	32338344.000
   10600347	32338764.000
   10609670	32358771.000
   10611592	32377245.000
   10613357	32394135.000
   10615256	32412307.000
   10617264	32429513.000
   10619171	32450400.000
   10621351	32451530.000
   10623416	32452566.000
   10625314	32453647.000
   10627207	32454782.000
   10629077	32455891.000
   10630960	32457062.000
   10633112	32458193.000
   10634978	32458864.000
   10636875	32459032.000
   10637491	32460033.000
   10639295	32461474.000
   10641526	32462929.000
   10643575	32463705.000
   10647941	32487926.000
   10649883	32504724.000
   10652224	32525069.000
   10654427	32546378.000
   10656627	32552422.000
   10657367	32578993.000
   10660042	32580138.000
   10662095	32581357.000
   10664343	32582734.000
   10666793	32584124.000
   10669082	32585476.000
   10671390	32586593.000
   10673350	32587876.000
   10675453	32589096.000
   10677378	32590866.000
   10679901	32592391.000
   10683458	32592671.000
   10683838	32595709.000
   10684150	32597191.000
   10686038	32598901.000
   10688176	32600285.000
   10695463	32623928.000
   10697646	32645903.000
   10699542	32663371.000
   10701446	32686176.000
   10703948	32704119.000
   10705859	32713635.000
   10706979	32714202.000
   10708045	32715251.000
   10709745	32716285.000
   10711611	32717381.000
   10713481	32718488.000
   10715342	32719637.000
   10717209	32720746.000
   10719076	32721898.000
   10720913	32722589.000
   10722059	32723241.000
   10723641	32724596.000
   10725500	32725863.000
   10727219	32727384.000
   10729316	32727532.000
   10729779	32727915.000
   10735547	32742247.000
   10737248	32752398.000
   10738371	32771424.000
   10740466	32773549.000
   10740814	32793925.000
   10743009	32814685.000
   10745190	32822427.000
   10746210	32822599.000
   10746615	32822671.000
   10747003	32823498.000
   10749073	32824614.000
   10751223	32825594.000
   10752754	32826779.000
   10754791	32828134.000
   10756994	32828196.000
   10757339	32828913.000
   10759796	32829305.000
   10760679	32830595.000
   10762509	32832367.000
   10765068	32834309.000
   10767692	32835763.000
   10769623	32836023.000
   10772640	32854585.000
   10774516	32879169.000
   10777098	32890033.000
   10778564	32907048.000
   10780728	32921984.000
   10782674	32940792.000
   10784848	32947405.000
   10785764	32948557.000
   10787936	32949700.000
   10789914	32951560.000
   10793824	32952819.000
   10796086	32953929.000
   10797958	32955076.000
   10799824	32956414.000
   10801700	32957781.000
   10803551	32959129.000
   10805361	32959518.000
   10806017	32959777.000
   10807375	32959777.000
   10807519	32960845.000
   10847947	32985800.000
   10849906	33006696.000
   10851805	33027105.000
   10853891	33027105.000
   10854078	33055036.000
   10857005	33068938.000
   10858454	33069337.000
   10859561	33070473.000
   10861969	33096032.000
   10864455	33122619.000
   10866957	33148342.000
   10869430	33174756.000
   10871898	33194010.000
   10873684	33205964.000
   10886718	33205964.000
   10886860	33230465.000
   10888734	33237371.000
   10889819	33255624.000
   10891692	33273806.000
   10893752	33292144.000
   10895603	33307079.000
   10897496	33307913.000
   10897863	33308967.000
   10899720	33310059.000
   10901612	33311203.000
   10903536	33312348.000
   10905403	33313544.000
   10907263	33313997.000
   10908274	33315390.000
   10910426	33317304.000
   10913319	33318601.000
   10915183	33319723.000
   10917133	33320109.000
   10917656	33320150.000
   10917914	33320565.000
   10918460	33321658.000
   10920127	33323015.000
   10928722	33352775.000
   10931391	33380162.000
   10933875	33407833.000
   10936386	33436598.000
   10939216	33437957.000
   10939489	33438002.000
   10940757	33438292.000
   10941311	33439348.000
   10943164	33440936.000
   10945600	33442241.000
   10947634	33443549.000
   10949657	33444967.000
   10951787	33446412.000
   10953996	33447769.000
   10956090	33448929.000
   10957791	33450439.000
   10959817	33452160.000
   10962045	33453289.000
   10963509	33453781.000
   10967751	33472581.000
   10969353	33485099.000
   10970655	33495975.000
   10971636	33515754.000
   10973509	33533841.000
   10975374	33552442.000
   10977251	33567841.000
   10979016	33568906.000
   10980873	33570045.000
   10982786	33571217.000
   10984649	33572358.000
   10986518	33572593.000
   10987108	33573775.000
   10988973	33574953.000
   10990837	33576142.000
   10993778	33576768.000
   10994695	33577939.000
   11054886	33592553.000
   11076339	33618328.000
   11078240	33642327.000
   11080117	33660060.000
   11082058	33689988.000
   11084843	33714123.000
   11087126	33729199.000
   11088554	33734995.000
   11089836	33735061.000
   11092238	33737793.000
   11092458	33739334.000
   11094932	33740539.000
   11096652	33742126.000
   11099062	33742880.000
   11100205	33744647.000
   11102804	33746693.000
   11105614	33747144.000
   11106279	33747780.000
   11107369	33749901.000
   11110182	33750990.000
   11136670	33777686.000
   11138556	33798813.000
   11140464	33816764.000
   11142490	33835351.000
   11144417	33854337.000
   11146313	33872456.000
   11148481	33873499.000
   11150360	33874348.000
   11151938	33875381.000
   11158032	33876534.000
   11159898	33877726.000
   11161756	33878201.000
   11162679	33879555.000
   11164552	33880988.000
   11166566	33882177.000
   11168464	33884762.000
   11171221	33887042.000
   11173994	33887673.000
   11174835	33889743.000
   11177345	33891884.000
   11179994	33892943.000
   11181234	33894903.000
   11183592	33895564.000
   11214597	33918507.000
   11216433	33939857.000
   11218373	33966161.000
   11221040	33993680.000
   11223757	34012710.000
   11225984	34014188.000
   11228587	34015284.000
   11230450	34016373.000
   11232328	34017561.000
   11234190	34018670.000
   11236047	34019851.000
   11237904	34020999.000
   11239732	34022196.000
   11241616	34022568.000
   11242231	34023930.000
   11244084	34025318.000
   11245965	34026687.000
   11247902	34027627.000
   11253236	34051457.000
   11255123	34064489.000
   11257006	34089033.000
   11259460	34099073.000
   11276077	34133935.000
   11278931	34136718.000
   11279242	34163417.000
   11281902	34188565.000
   11284687	34204681.000
   11286474	34210325.000
   11287271	34211767.000
   11289675	34213132.000
   11292130	34214568.000
   11294520	34216274.000
   11297161	34217845.000
   11299631	34219228.000
   11301624	34220048.000
   11302832	34221992.000
   11305360	34224025.000
   11307884	34226432.000
   11310821	34226897.000
   11314075	34250426.000
   11315911	34271645.000
   11317673	34290368.000
   11319547	34308328.000
   11321443	34327352.000
   11323331	34348166.000
   11325658	34349166.000
   11327426	34350163.000
   11329195	34351247.000
   11331019	34352356.000
   11332831	34353465.000
   11334655	34354604.000
   11336435	34355752.000
   11338181	34356798.000
   11339773	34358163.000
   11341627	34360218.000
   11344413	34360981.000
   11359426	34386952.000
   11361294	34405955.000
   11366265	34429964.000
   11368137	34438064.000
   11369042	34453580.000
   11370508	34472139.000
   11372462	34496213.000
   11375215	34508315.000
   11376505	34509774.000
   11379104	34511178.000
   11381349	34512758.000
   11383918	34513198.000
   11384664	34513856.000
   11385817	34515629.000
   11388441	34517245.000
   11390891	34518223.000
   11392340	34518967.000
   11393448	34519518.000
   11394243	34521409.000
   11396704	34522927.000
   11398663	34524817.000
   11401138	34525212.000
   11406477	34550530.000
   11408331	34577395.000
   11410523	34596491.000
   11412366	34615834.000
   11414230	34616073.000
   11414566	34617207.000
   11416489	34618334.000
   11418372	34619473.000
   11420257	34620622.000
   11422157	34621752.000
   11423998	34623010.000
   11425963	34624234.000
   11427874	34626218.000
   11430827	34626427.000
   11431220	34628135.000
   11433712	34629437.000
   11435575	34631538.000
   11450842	34680806.000
   11454439	34711005.000
   11457224	34740775.000
   11460314	34757159.000
   11462155	34757820.000
   11463295	34759315.000
   11465795	34760766.000
   11468263	34762320.000
   11470751	34763992.000
   11473227	34765607.000
   11475692	34766840.000
   11477710	34768134.000
   11479577	34769958.000
   11482038	34771642.000
   11484205	34773719.000
   11486810	34774503.000
   11493631	34799997.000
   11495531	34815949.000
   11496927	34827913.000
   11498047	34851133.000
   11500239	34872004.000
   11502427	34893788.000
   11505043	34894934.000
   11506921	34896112.000
   11508835	34897266.000
   11510677	34898477.000
   11512555	34899864.000
   11514632	34900340.000
   11515400	34901034.000
   11516420	34901189.000
   11517144	34932992.000
   11520238	34949267.000
   11521716	34950682.000
   11523553	34952179.000
   11525477	34953098.000
   11526634	34955226.000
   11534440	34983237.000
   11536306	35004083.000
   11538004	35034149.000
   11540543	35059400.000
   11542926	35082353.000
   11545622	35083803.000
   11548054	35085045.000
   11550127	35086191.000
   11551790	35088005.000
   11554578	35089846.000
   11557353	35090907.000
   11558930	35091606.000
   11559981	35091693.000
   11560250	35092165.000
   11560961	35093520.000
   11565834	35114030.000
   11567399	35133674.000
   11568905	35150203.000
   11570291	35155454.000
   11571178	35184466.000
   11573958	35204587.000
   11575915	35218819.000
   11577479	35220134.000
   11579611	35221304.000
   11581493	35222520.000
   11583400	35223787.000
   11585254	35225098.000
   11587141	35225847.000
   11589964	35227145.000
   11591837	35228472.000
   11593725	35229864.000
   11595515	35231384.000
   11597392	35232144.000
   11640116	35259010.000
   11642158	35283411.000
   11644292	35302690.000
   11646039	35302690.000
   11646156	35324777.000
   11648158	35340809.000
   11649539	35341965.000
   11651431	35342577.000
   11652413	35342742.000
   11652795	35343199.000
   11653641	35344123.000
   11654996	35345098.000
   11672174	35372104.000
   11674116	35393345.000
   11675838	35417455.000
   11677946	35437474.000
   11679849	35458565.000
   11681771	35472137.000
   11683247	35473350.000
   11685190	35474619.000
   11687248	35475885.000
   11689273	35477485.000
   11691731	35479105.000
   11694186	35479996.000
   11695487	35480406.000
   11734426	35488527.000
   11744755	35510777.000
   11746566	35531904.000
   11748306	35553081.000
   11750184	35571232.000
   11752066	35590521.000
   11753929	35603229.000
   11756295	35604457.000
   11758365	35605617.000
   11760256	35606802.000
   11762201	35607739.000
   11763756	35608712.000
   11765327	35609638.000
   11766894	35610635.000
   11768495	35611488.000
   11770028	35612577.000
   11771731	35613798.000
   11773479	35615237.000
   11775394	35616499.000
   11777078	35617927.000
   11778967	35619673.000
   11781195	35620794.000
   11813588	35620921.000
   11813867	35648144.000
   11815750	35671317.000
   11817786	35696566.000
   11820268	35716051.000
   11822156	35733523.000
   11824096	35734223.000
   11825390	35735279.000
   11827284	35736392.000
   11829226	35737933.000
   11831800	35738857.000
   11846262	35753594.000
   11848057	35766817.000
   11849135	35787375.000
   11850852	35797243.000
   11851787	35805760.000
   11853455	35817482.000
   11854867	35831446.000
   11856362	35841892.000
   11857560	35843126.000
   11859621	35844316.000
   11861626	35845530.000
   11863630	35846880.000
   11865797	35847511.000
   11873594	35875064.000
   11875552	35900414.000
   11877769	35924006.000
   11879884	35946833.000
   11882280	35975023.000
   11885301	35978293.000
   11885895	35979587.000
   11888076	35980795.000
   11890071	35982202.000
   11892309	35983768.000
   11894882	35985497.000
   11897515	35986741.000
   11899393	35988142.000
   11901264	35988897.000
   11917251	36015547.000
   11919130	36029056.000
   11920390	36034190.000
   11920869	36054114.000
   11922719	36062930.000
   11940029	36073694.000
   11950159	36077182.000
   11973617	36102927.000
   11975536	36122400.000
   11977196	36141847.000
   11979071	36168372.000
   11981744	36180731.000
   11983008	36193833.000
   11984555	36194943.000
   11986544	36195770.000
   11988005	36197162.000
   11990586	36198727.000
   11993143	36199812.000
   11995000	36200742.000
   11996564	36201714.000
   11998041	36201954.000
   11998486	36203157.000
   12000346	36204011.000
   12001675	36205283.000
   12005972	36206066.000
   12007024	36208035.000
   12019827	36217651.000
   12031889	36240384.000
   12033912	36261071.000
   12035775	36281925.000
   12037903	36285686.000
   12038773	36305309.000
   12041154	36318438.000
   12042992	36319352.000
   12044644	36320697.000
   12046977	36322168.000
   12049548	36323691.000
   12052002	36325204.000
   12054659	36327215.000
   12058001	36328535.000
   12059993	36330575.000
   12062472	36332642.000
   12065170	36334853.000
   12071982	36351494.000
   12073435	36355446.000
   12073893	36370208.000
   12075295	36386365.000
   12076931	36403891.000
   12078805	36421599.000
   12080661	36435374.000
   12082269	36436389.000
   12084120	36437404.000
   12085884	36438946.000
   12088449	36440537.000
   12091194	36442106.000
   12093743	36443257.000
   12095620	36444411.000
   12097526	36445777.000
   12099432	36446612.000
   12100703	36448076.000
   12102670	36449584.000
   12104657	36451066.000
   12106551	36452398.000
   12111895	36477643.000
   12113805	36494367.000
   12115553	36513983.000
   12117433	36532418.000
   12119290	36555763.000
   12121701	36565501.000
   12123318	36566511.000
   12125508	36566906.000
   12126552	36568078.000
   12128615	36569270.000
   12130670	36570492.000
   12132630	36571597.000
   12134578	36571964.000
   12136226	36580775.000
   12137102	36580855.000
   12137293	36581808.000
   12138797	36583200.000
   12140698	36585110.000
   12143298	36586525.000
   12145182	36587974.000
   12148405	36589457.000
   12150380	36590095.000
   12151321	36591314.000
   12152780	36593168.000
   12160269	36614723.000
   12162044	36636255.000
   12164010	36663747.000
   12166651	36685688.000
   12168828	36711304.000
   12171512	36711644.000
   12172197	36713259.000
   12174863	36714823.000
   12177413	36716343.000
   12179845	36717063.000
   12180888	36718330.000
   12183044	36719575.000
   12185088	36720833.000
   12186944	36722154.000
   12188863	36723585.000
   12190938	36725088.000
   12192824	36726633.000
   12194907	36728128.000
   12196800	36729671.000
   12198683	36731008.000
   12204216	36736652.000
   12204651	36737813.000
   12267632	36762324.000
   12271710	36780223.000
   12273548	36798227.000
   12275442	36815827.000
   12277357	36828094.000
   12278924	36829111.000
   12280995	36830165.000
   12282870	36831236.000
   12284702	36832313.000
   12286601	36833438.000
   12288475	36834557.000
   12290602	36835836.000
   12294485	36853088.000
   12296087	36861616.000
   12296955	36863003.000
   12298855	36863972.000
   12300469	36864221.000
   12338956	36869164.000
   12339452	36884930.000
   12341158	36902868.000
   12343201	36902938.000
   12343718	36916099.000
   12345599	36930844.000
   12370640	36953968.000
   12372517	36973749.000
   12374391	36992601.000
   12376266	37002133.000
   12377761	37011899.000
   12391156	37032111.000
   12393070	37050953.000
   12394928	37068576.000
   12396806	37088555.000
   12398723	37107139.000
   12400619	37122007.000
   12402133	37123000.000
   12404050	37124083.000
   12405939	37125187.000
   12407938	37126378.000
   12409821	37127059.000
   12410876	37128500.000
   12412790	37129435.000
   12414141	37131210.000
   12416286	37133420.000
   12419042	37135490.000
   12434952	37161274.000
   12436911	37167854.000
   12437922	37191795.000
   12440169	37210686.000
   12442066	37228704.000
   12444107	37236418.000
   12446584	37236476.000
   12446760	37237582.000
   12448742	37238602.000
   12450630	37239670.000
   12452544	37240748.000
   12454449	37241876.000
   12456332	37243023.000
   12458216	37244197.000
   12460128	37245396.000
   12462027	37246771.000
   12463914	37248129.000
   12465806	37249550.000
   12467807	37250519.000
   12469107	37251015.000
   12474555	37252144.000
   12474789	37252704.000
   12474922	37275096.000
   12476991	37281329.000
   12477704	37297926.000
   12479603	37311500.000
   12481083	37327923.000
   12482885	37328052.000
   12482982	37344746.000
   12485809	37345755.000
   12487592	37346525.000
   12489198	37347399.000
   12490841	37348372.000
   12492765	37349298.000
   12494560	37350397.000
   12496575	37351812.000
   12499137	37353325.000
   12501595	37355174.000
   12504204	37356935.000
   12506477	37357592.000
   12507468	37358865.000
   12509192	37359811.000
   12513870	37384991.000
   12515789	37412871.000
   12518127	37414450.000
   12518363	37432841.000
   12520334	37452202.000
   12522346	37476533.000
   12524949	37477481.000
   12531194	37500554.000
   12533091	37524498.000
   12535372	37542181.000
   12537273	37561015.000
   12539169	37579655.000
   12541086	37589236.000
   12542207	37590357.000
   12544121	37591336.000
   12546116	37592077.000
   12547522	37593119.000
   12549431	37594013.000
   12551118	37594193.000
   12551808	37594649.000
   12552691	37595839.000
   12554790	37597001.000
   12556703	37598141.000
   12558651	37599376.000
   12560566	37599388.000
   12560686	37600740.000
   12562619	37602134.000
   12564535	37603535.000
   12569596	37627937.000
   12573355	37633648.000
   12574022	37653539.000
   12576079	37663696.000
   12577135	37664159.000
   12577292	37679334.000
   12578780	37695426.000
   12580514	37696632.000
   12582812	37697452.000
   12584222	37697870.000
   12604312	37721229.000
   12606250	37724005.000
   12606582	37725178.000
   12606857	37725186.000
   12606995	37743301.000
   12608898	37764339.000
   12611000	37783421.000
   12612970	37789292.000
   12613744	37800167.000
   12615174	37801266.000
   12617078	37802360.000
   12618980	37802396.000
   12619138	37802868.000
   12620379	37803974.000
   12622394	37805150.000
   12624305	37806286.000
   12626218	37806580.000
   12627218	37807802.000
   12630623	37809122.000
   12633166	37810537.000
   12635530	37811991.000
   12637649	37813740.000
   12639936	37813922.000
   12652929	37846650.000
   12655447	37863423.000
   12656992	37884570.000
   12659085	37903748.000
   12661013	37926775.000
   12663915	37927532.000
   12665397	37928560.000
   12667145	37929694.000
   12669071	37930979.000
   12671363	37931371.000
   12672072	37933114.000
   12674831	37933201.000
   12675054	37934920.000
   12677739	37935770.000
   12679179	37937719.000
   12681841	37939932.000
   12684718	37941609.000
   12686819	37941663.000
   12689713	37967378.000
   12691624	37990425.000
   12693662	38018665.000
   12696431	38038697.000
   12698451	38057522.000
   12700389	38064285.000
   12701566	38065534.000
   12703510	38066945.000
   12705954	38068650.000
   12708791	38069188.000
   12709818	38069740.000
   12710844	38071499.000
   12713655	38072926.000
   12716007	38074782.000
   12718889	38076206.000
   12720960	38077394.000
   12722647	38078802.000
   12724606	38080271.000
   12726585	38081833.000
   12728699	38082806.000
   12730088	38084704.000
   12736458	38114738.000
   12738714	38132395.000
   12740683	38156177.000
   12742986	38174988.000
   12744900	38194621.000
   12747496	38195741.000
   12749495	38196821.000
   12751403	38198045.000
   12753485	38199340.000
   12755623	38200657.000
   12757827	38202108.000
   12760091	38202543.000
   12773126	38220435.000
   12775019	38227275.000
   12776068	38239206.000
   12777481	38252270.000
   12778993	38253323.000
   12780871	38253506.000
   12792804	38254775.000
   12794758	38256173.000
   12797089	38257253.000
   12799038	38258422.000
   12801108	38259541.000
   12803031	38260604.000
   12804969	38260812.000
   12805460	38261767.000
   12807167	38262470.000
   12863005	38269712.000
   12864909	38291968.000
   12866891	38309892.000
   12868752	38320958.000
   12870683	38331423.000
   12893955	38345433.000
   12895579	38351031.000
   12896382	38369811.000
   12898384	38391687.000
   12900690	38398762.000
   12901775	38400039.000
   12903935	38401388.000
   12906137	38401989.000
   12907604	38402555.000
   12908708	38403708.000
   12910729	38404555.000
   12943299	38417558.000
   12944809	38420455.000
   12945181	38440218.000
   12947131	38461957.000
   12949803	38477427.000
   12951949	38477563.000
   12952260	38478205.000
   12953405	38479308.000
   12955282	38479573.000
   12956022	38480144.000
   12956991	38481231.000
   12958966	38482390.000
   12961078	38483732.000
   12963425	38484825.000
   12965461	38485955.000
   12967344	38486038.000
   12982114	38508192.000
   12983990	38528336.000
   12985867	38546258.000
   12987799	38567580.000
   12990091	38574635.000
   12991221	38575859.000
   12993558	38576581.000
   12997624	38577501.000
   12999675	38578023.000
   13000532	38578037.000
   13003171	38579260.000
   13005221	38579701.000
   13006699	38580968.000
   13008701	38581458.000
   13009506	38581715.000
   13009959	38587057.000
   13010557	38588312.000
   13012450	38589716.000
   13014362	38591211.000
   13016316	38592619.000
   13018256	38593172.000
   13019026	38593573.000
   13019672	38594413.000
   13040617	38617767.000
   13042502	38636555.000
   13044466	38654544.000
   13046395	38669036.000
   13048281	38671364.000
   13049821	38671844.000
   13050720	38672119.000
   13051258	38673233.000
   13053235	38674306.000
   13055112	38674864.000
   13056141	38675452.000
   13057184	38676549.000
   13059049	38677662.000
   13060922	38678790.000
   13062893	38680036.000
   13064970	38681199.000
   13066851	38682354.000
   13068922	38683636.000
   13070791	38684924.000
   13072694	38686399.000
   13074714	38687847.000
   13076662	38688611.000
   13077679	38689550.000
   13078929	38691155.000
   13080969	38691885.000
   13085179	38714190.000
   13087045	38732841.000
   13088748	38749701.000
   13090611	38767664.000
   13092457	38786624.000
   13094576	38787706.000
   13096457	38788871.000
   13098297	38789990.000
   13100141	38790965.000
   13101904	38791072.000
   13104181	38792184.000
   13106058	38793383.000
   13107935	38794317.000
   13109536	38794913.000
   13110823	38796154.000
   13112678	38797266.000
   13114417	38797495.000
   13114765	38797689.000
   13115171	38799021.000
   13117038	38800401.000
   13118901	38801815.000
   13120758	38803184.000
   13122533	38804834.000
   13128569	38827947.000
   13130716	38848551.000
   13132620	38855599.000
   13133602	38874627.000
   13135575	38893580.000
   13138152	38893945.000
   13138822	38894019.000
   13139186	38895629.000
   13142095	38896770.000
   13143975	38897865.000
   13145845	38899023.000
   13147711	38900124.000
   13149564	38901306.000
   13151432	38902370.000
   13153184	38903543.000
   13155063	38904768.000
   13156932	38906044.000
   13158866	38907386.000
   13160705	38908774.000
   13162565	38910143.000
   13164434	38911155.000
   13166049	38912140.000
   13171195	39275750.000
   13172925	39297202.000
   13174806	39310980.000
   13176468	39328981.000
   13178336	39347953.000
   13180305	39351848.000
   13181266	39352876.000
   13183110	39353928.000
   13185094	39354585.000
   13186449	39355640.000
   13188414	39356659.000
   13190284	39357815.000
   13192329	39358913.000
   13194197	39358925.000
   13194301	39360128.000
   13196313	39361226.000
   13198119	39362407.000
   13199980	39363666.000
   13201854	39365065.000
   13203747	39365633.000
   13204545	39367153.000
   13206486	39368549.000
   13208261	39370525.000
   13213700	39391788.000
   13216592	39409707.000
   13218463	39427955.000
   13220353	39446275.000
   13222246	39450270.000
   13223138	39451333.000
   13225015	39452482.000
   13226909	39452639.000
   13227323	39453724.000
   13229157	39454872.000
   13231048	39455968.000
   13232932	39457159.000
   13234852	39458297.000
   13236732	39459385.000
   13238618	39460578.000
   13240455	39461853.000
   13242397	39463239.000
   13244278	39464737.000
   13246432	39466192.000
   13248292	39467758.000
   13250224	39469013.000
   13252006	39469728.000
   13263858	39471433.000
   13265864	39494199.000
   13268232	39512772.000
   13270156	39530601.000
   13272033	39538626.000
   13273568	39539181.000
   13274707	39540270.000
   13276590	39541305.000
   13278469	39542375.000
   13280751	39543535.000
   13282645	39544674.000
   13284531	39545789.000
   13286406	39546923.000
   13288295	39548148.000
   13290174	39549430.000
   13292142	39549667.000
   13292978	39551039.000
   13294871	39552420.000
   13296751	39553835.000
   13298640	39555245.000
   13300469	39556657.000
   13302374	39558167.000
   13304291	39560438.000
   13307178	39562255.000
   13309427	39563424.000
   13310873	39564568.000
   13315939	39597404.000
   13318597	39607958.000
   13319638	39626630.000
   13321557	39642342.000
   13323377	39661463.000
   13325591	39662970.000
   13328353	39663231.000
   13328935	39663616.000
   13329832	39664991.000
   13332224	39666519.000
   13335027	39668184.000
   13337842	39669747.000
   13340402	39669842.000
   13348288	39671073.000
   13349933	39672576.000
   13351868	39673924.000
   13353617	39674829.000
   13401050	39683565.000
   13401836	39705630.000
   13403789	39733183.000
   13406573	39759414.000
   13409382	39777567.000
   13411291	39780653.000
   13411902	39781390.000
   13479455	39810657.000
   13482416	39837319.000
   13485205	39860573.000
   13487834	39874354.000
   13489748	39875169.000
   13491144	39875238.000
   13491656	39898341.000
   13494078	39911658.000
   13495451	39912232.000
   13496314	39912403.000
   13497067	39930478.000
   13498786	39931890.000
   13501253	39933622.000
   13504033	39935669.000
   13507217	39937045.000
   13509130	39938393.000
   13510995	39939768.000
   13512868	39941149.000
   13514716	39941911.000
   13515932	39942630.000
   13553740	39946220.000
   13554131	39967954.000
   13556029	39987267.000
   13557904	40004429.000
   13559778	40004429.000
   13571745	40025114.000
   13573481	40026438.000
   13574123	40053202.000
   13576930	40067655.000
   13578663	40067655.000
   13578748	40088884.000
   13581416	40089517.000
   13582904	40091327.000
   13586183	40092484.000
   13588297	40093915.000
   13590762	40095551.000
   13593469	40097193.000
   13596053	40098686.000
   13598443	40098908.000
   13601529	40099182.000
   13602149	40099528.000
   13602637	40101089.000
   13604623	40102711.000
   13606538	40104320.000
   13608867	40105784.000
   13610737	40107100.000
   13615434	40115728.000
   13617545	40125918.000
   13619358	40139658.000
   13621349	40156227.000
   13623207	40180266.000
   13626008	40180413.000
   13626350	40181713.000
   13628553	40182828.000
   13630418	40183900.000
   13632274	40185114.000
   13634291	40186291.000
   13636299	40187497.000
   13638321	40188681.000
   13640343	40190228.000
   13642847	40191384.000
   13644709	40192572.000
   13646584	40193918.000
   13648413	40195914.000
   13651132	40197955.000
   13653865	40198689.000
   13666933	40221487.000
   13668943	40250297.000
   13671802	40274634.000
   13674581	40294073.000
   13676728	40295203.000
   13679055	40296897.000
   13681847	40298214.000
   13683944	40298527.000
   13684522	40298905.000
   13685368	40301004.000
   13688210	40302218.000
   13689839	40302500.000
   13690296	40303641.000
   13692206	40304909.000
   13694226	40305959.000
   13696102	40307421.000
   13698080	40308758.000
   13718456	40332215.000
   13720312	40353405.000
   13722260	40371965.000
   13724163	40388991.000
   13726012	40409465.000
   13728413	40410499.000
   13730259	40411598.000
   13732105	40412663.000
   13734033	40412902.000
   13737096	40414294.000
   13739259	40415461.000
   13741174	40416589.000
   13743059	40417725.000
   13744889	40418937.000
   13746739	40420288.000
   13748576	40421653.000
   13750412	40423045.000
   13752285	40424769.000
   13754642	40427254.000
   13761144	40449947.000
   13763414	40465116.000
   13765269	40488056.000
   13767631	40513027.000
   13770512	40514173.000
   13772621	40514484.000
   13773411	40516069.000
   13775992	40517456.000
   13778316	40518496.000
   13780349	40519987.000
   13782902	40521322.000
   13785024	40522546.000
   13786907	40523947.000
   13788953	40525330.000
   13790805	40526846.000
   13792787	40528319.000
   13794657	40529937.000
   13796681	40531522.000
   13798624	40533098.000
   13803422	40536458.000
   13804093	40559023.000
   13805956	40578226.000
   13807816	40595237.000
   13809659	40612655.000
   13811500	40635307.000
   13813890	40646410.000
   13815227	40647689.000
   13817368	40649012.000
   13819190	40649910.000
   13821059	40650217.000
   13821961	40650353.000
   13822490	40650762.000
   13823213	40652476.000
   13825982	40654371.000
   13829128	40655663.000
   13831283	40657399.000
   13834032	40659404.000
   13836798	40660281.000
   13838134	40661727.000
   13840128	40663448.000
   13866970	40696541.000
   13869807	40711550.000
   13871515	40730818.000
   13873701	40745109.000
   13875646	40746580.000
   13878363	40747844.000
   13880531	40748835.000
   13882356	40749925.000
   13884201	40750986.000
   13886076	40751985.000
   13887915	40753039.000
   13889753	40753897.000
   13891074	40755081.000
   13892948	40756423.000
   13894923	40757729.000
   13896760	40759140.000
   13898635	40760562.000
   13900547	40761996.000
   13902437	40763506.000
   13904391	40764308.000
   13908992	40785840.000
   13910910	40804896.000
   13912750	40820763.000
   13914635	40838579.000
   13916538	40853927.000
   13918452	40855060.000
   13920504	40856096.000
   13922391	40857140.000
   13924247	40858134.000
   13926113	40859074.000
   13927960	40860035.000
   13929787	40860929.000
   13931654	40861998.000
   13933433	40862329.000
   13934189	40863486.000
   13936045	40865138.000
   13938627	40866427.000
   13940537	40866731.000
   13941078	40868087.000
   13942981	40869530.000
   13944920	40870062.000
   13945690	40871565.000
   13947680	40871814.000
   13960901	40897183.000
   13962792	40904823.000
   13964836	40909695.000
   13966696	40913893.000
   13967271	40917113.000
   13968272	40917174.000
   13968465	40917200.000
   13968637	40921245.000
   13969192	40930604.000
   13970273	40937075.000
   13971034	40937230.000
   13971405	40954891.000
   13973286	40963784.000
   13974324	40964403.000
   13975455	40965463.000
   13977263	40966457.000
   13979066	40967546.000
   13981001	40967781.000
   13981509	40968766.000
   13983391	40969811.000
   13985216	40970118.000
   13988802	40970213.000
   13989018	40971548.000
   13990783	40972831.000
   13992674	40974484.000
   13994531	40976297.000
   13996482	40977967.000
   13998353	40979211.000
   14009161	41002569.000
   14011097	41020758.000
   14012921	41029671.000
   14017155	41050222.000
   14019047	41072571.000
   14021090	41086027.000
   14022969	41104381.000
   14024963	41115552.000
   14026585	41115756.000
   14027018	41116763.000
   14028902	41117664.000
   14030493	41118747.000
   14032231	41119004.000
   14033240	41120136.000
   14035132	41121143.000
   14036928	41122200.000
   14038823	41123240.000
   14040472	41123998.000
   14041734	41125167.000
   14043589	41125613.000
   14046046	41127022.000
   14047954	41128305.000
   14049734	41129776.000
   14051595	41131211.000
   14053380	41131534.000
   14053841	41133031.000
   14062438	41154637.000
   14064321	41170287.000
   14066204	41173935.000
   14066651	41189782.000
   14068500	41206092.000
   14070372	41214943.000
   14071788	41215022.000
   14071991	41216103.000
   14073935	41217128.000
   14075789	41218197.000
   14077648	41218900.000
   14078939	41219106.000
   14079397	41220270.000
   14081418	41221176.000
   14083289	41222300.000
   14085180	41223386.000
   14087050	41223899.000
   14088085	41225050.000
   14090044	41226024.000
   14091581	41227211.000
   14093455	41228504.000
   14095321	41229827.000
   14097191	41231239.000
   14099080	41232761.000
   14105066	41255279.000
   14107154	41270733.000
   14108984	41283931.000
   14110877	41298466.000
   14112886	41311306.000
   14114308	41311528.000
   14114770	41312567.000
   14116647	41313711.000
   14118643	41314566.000
   14120062	41315469.000
   14121825	41316680.000
   14123704	41317840.000
   14125619	41319129.000
   14128240	41319574.000
   14128978	41320683.000
   14130568	41321495.000
   14148194	41344133.000
   14150048	41369803.000
   14152554	41373575.000
   14153016	41392364.000
   14154900	41411810.000
   14156741	41417196.000
   14157669	41417304.000
   14157930	41418531.000
   14159768	41419942.000
   14161718	41421087.000
   14163305	41421337.000
   14163757	41422669.000
   14165620	41424094.000
   14167479	41425416.000
   14169347	41426803.000
   14171228	41427439.000
   14172113	41428738.000
   14173997	41429940.000
   14175781	41431288.000
   14177750	41432863.000
   14179774	41434242.000
   14181662	41435703.000
   14183551	41437334.000
   14185555	41438885.000
   14200944	41464874.000
   14202870	41478137.000
   14204868	41485992.000
   14205982	41486006.000
   14206068	41503788.000
   14208185	41515648.000
   14209498	41515915.000
   14209969	41516143.000
   14210494	41517417.000
   14212414	41518619.000
   14214310	41519900.000
   14216163	41521439.000
   14218252	41522757.000
   14220152	41524091.000
   14222053	41525357.000
   14223754	41526727.000
   14225614	41528178.000
   14227615	41528477.000
   14228086	41529925.000
   14229999	41530000.000
   14230278	41531321.000
   14239544	41555573.000
   14241384	41557882.000
   14241986	41576278.000
   14243608	41580274.000
   14244025	41587691.000
   14244876	41604278.000
   14246735	41618558.000
   14248901	41618592.000
   14249028	41619926.000
   14251097	41620630.000
   14252485	41621630.000
   14254479	41622693.000
   14256383	41623759.000
   14258289	41624883.000
   14260199	41626020.000
   14262087	41626766.000
   14263986	41631151.000
   14264614	41646245.000
   14266041	41658318.000
   14285357	41676414.000
   14287275	41687681.000
   14289574	41702347.000
   14291506	41717019.000
   14293445	41726861.000
   14295035	41727884.000
   14296922	41728935.000
   14298863	41729944.000
   14300637	41731066.000
   14302806	41731690.000
   14304123	41731821.000
   14304445	41732704.000
   14306152	41733836.000
   14308053	41734984.000
   14309969	41735856.000
   14311330	41737201.000
   14313294	41737287.000
   14313480	41738665.000
   14315317	41740032.000
   14317173	41741523.000
   14319048	41743154.000
   14321133	41743989.000
   14322286	41744303.000
   14322728	41745686.000
   14324575	41746222.000
   14328547	41767688.000
   14330448	41783818.000
   14332228	41787676.000
   14332738	41790069.000
   14333174	41802320.000
   14334791	41821581.000
   14337211	41823608.000
   14337736	41823678.000
   14337927	41824860.000
   14339778	41826099.000
   14341678	41827336.000
   14344433	41828681.000
   14346297	41829992.000
   14348163	41831380.000
   14350063	41832709.000
   14351948	41833645.000
   14353575	41835120.000
   14355553	41836556.000
   14357419	41837707.000
   14359198	41852998.000
   14360253	41854574.000
   14362150	41856309.000
   14364216	41857926.000
   14366050	41859409.000
   14371526	41873387.000
   14372472	41900029.000
   14374363	41912707.000
   14375754	41930157.000
   14377635	41943459.000
   14378948	41964056.000
   14381032	41964256.000
   14381363	41965556.000
   14383245	41967042.000
   14385321	41968106.000
   14386882	41969403.000
   14388768	41970805.000
   14390776	41972240.000
   14392666	41973689.000
   14394671	41975033.000
   14396721	41976394.000
   14398379	41977921.000
   14400291	41979429.000
   14402222	41981049.000
   14404168	41981940.000
   14405307	41983536.000
   14407205	41985189.000
   14409040	41985342.000
   14409265	41985646.000
   14409668	41986697.000
   14430491	42010981.000
   14432363	42024980.000
   14436057	42042590.000
   14437807	42054920.000
   14439492	42056181.000
   14441358	42057448.000
   14443297	42058731.000
   14445177	42060193.000
   14447165	42061466.000
   14448917	42062408.000
