15 0.40971343855898607
16 0.4047114961782295
17 0.4002380939404076
18 0.39595632756354876
19 0.3920745911977112
20 0.3885598489011695
21 0.3848900820677722
22 0.38124274699825933
23 0.3773126307261827
24 0.37340644865899686
25 0.3693489630074194
26 0.365215716027175
27 0.3607262660309465
28 0.3556435445353363
29 0.35052584087250155
30 0.3452054592577638
31 0.339581386844314
32 0.3340654775864026
33 0.32792011693589884
34 0.3216139893720854
35 0.31536569333070025
36 0.30870701325303795
37 0.3016824765202985
38 0.29443860141810674
39 0.2869247758695889
40 0.27924581233686846
