15 0.36832029339390443
16 0.3784029561143012
17 0.3887037461042865
18 0.3980042136291218
19 0.4069804550936337
20 0.41559293522157814
21 0.4229218915977485
22 0.430374990575798
23 0.4370222968337618
24 0.4433434353433579
25 0.448914407433036
26 0.4529433934091328
27 0.4571589300936689
28 0.4610829410460644
29 0.4640342060908433
30 0.4676548440735638
31 0.4692068337990145
32 0.47158256022733236
33 0.4732693059965249
34 0.4736105925891999
35 0.4739509670992344
36 0.473628754469813
37 0.47288144513359015
38 0.47147376297387195
39 0.4703675890624081
40 0.4684363811610105