15 0.19945790987267487
16 0.20226391004525382
17 0.20468065028743956
18 0.20713669045771266
19 0.20966160194505906
20 0.2116518012357133
21 0.2132988902830017
22 0.21488732093386442
23 0.21628677420774228
24 0.21706637779759044
25 0.21704031815642771
26 0.21739183024823497
27 0.21710420354097637
28 0.21613738866206753
29 0.2149753951784844
30 0.21357011013717522
31 0.21223079747674303
32 0.20991197764236008
33 0.20726385281357856
34 0.20438297140900946
35 0.20145729580279412
36 0.19786594005673733
37 0.1941993152077176
38 0.19010299039419018
39 0.18567179154328922
40 0.18114686249881637