
15 0.2340446928557391
16 0.24096961982350062
17 0.24811624399766816
18 0.2544497149233672
19 0.26107227929284194
20 0.26679136463164427
21 0.2725501364621577
22 0.2774618006719062
23 0.28204103345676285
24 0.28660713328077697
25 0.28977464861526997
26 0.29250283993294945
27 0.29526643778678796
28 0.29755375625718833
29 0.2993468210838519
30 0.2998926508586813
31 0.30061759272054017
32 0.3016342396980488
33 0.30096459464404784
34 0.3001272073662917
35 0.2987273407698983
36 0.29717860934393836
37 0.29506989331781286
38 0.29295877863228786
39 0.29006333785404037
40 0.2864633771359361