
15 0.30480979901104405
16 0.31317324619055087
17 0.3213959967248226
18 0.32883360643450554
19 0.3366462074925976
20 0.34318221334385807
21 0.3497986404302983
22 0.3555361134689653
23 0.3608695033382507
24 0.3661172380068694
25 0.3699626177526027
26 0.3731410679772128
27 0.3764201632947999
28 0.3791628776959102
29 0.3816132607404396
30 0.38283746025242554
31 0.38375506901572193
32 0.38524527863775065
33 0.3850407056253523
34 0.384600743970666
35 0.3833960841111943
36 0.3821792115422268
37 0.3800440697978877
38 0.37829365251035424
39 0.3758163803142223
40 0.37230779549686455