R=0.3 pTleading 7 

efficiency:

101,102,103,104,105,106,107,108,109,110,111,112,113,114,115,116,117,118,119,120,121,122,123,124,125,126,127,128,129,130,131,132,133,134,135,136,137,138,139,140,
down:
0,0,0,0,0,0,0,0.00128587,0.00109756,0.00111922,0.00769722,0.019005,0.0363487,0.0595364,0.0788875,0.0982553,0.120085,0.138696,
0.151433,0.160613,0.162624,0.162796,0.167407,0.169121,0.164173,0.15815,0.155611,0.137584,0.12868,
0.11765,0.109486,0.101452,0.0909965,0.0816405,0.0799941,0.0778609,0.0667245,0.0615874,0.0575626,0.0588563,0.0532994,
up:
0,0,0,0,0,0,0,0.00118113,0.00132113,0.000535433,0.00641742,0.0174612,0.0353569,0.0604793,0.0849305,0.10917,0.137211,0.162326,
0.178744,0.196623,0.202169,0.207819,0.216979,0.221621,0.216887,0.210588,0.208612,0.190027,0.173339,0.161388,0.149306,0.130198,
0.120649,0.119428,0.113611,0.107572,0.109893,0.100467,0.0883069,0.0687038,0.0782629


wigles:



prior:

0,0,0,0,0,0,0,0.0047624,0.00628648,0.00392739,-0.00329668,-0.0202398,-0.0380194,-0.0378563,-0.0768803,-0.0999558,-0.0979242,-0.0901878,
-0.096742,-0.0657126,-0.0880035,-0.074936,-0.0403782,-0.0154744,-0.00823129,-0.00452055,0.0203495,-0.0164859,
-0.0258544,-0.014649,-0.0214825,-0.0336557,-0.055084,-0.0553632,-0.0759959,-0.086041,-0.118812,-0.152224,-0.174945,-0.20521,-0.260667