15 0.45269651307096354
16 0.4500606464744199
17 0.4478847429152604
18 0.4457594704485902
19 0.4434312103391402
20 0.4414019321438964
21 0.43941861317667497
22 0.43706531914502444
23 0.4347063381722954
24 0.4319112067944554
25 0.4289982512874117
26 0.42572882616679203
27 0.42252230086924186
28 0.4188967941036842
29 0.4144392004007893
30 0.4098056420412309
31 0.4050015031650731
32 0.40000763020049906
33 0.39471522500075784
34 0.3888426547964678
35 0.3827095045455445
36 0.37676400138086974
37 0.3703069792492224
38 0.3633919437919598
39 0.35605190425100325
40 0.3482898261226333