15 0.2739018655485615
16 0.27800206430100227
17 0.2819173569896744
18 0.2856547641214126
19 0.2893448478302092
20 0.2924137340648499
21 0.2951284840694514
22 0.2976177507712444
23 0.30021305634002404
24 0.30180083978915395
25 0.3022505655671041
26 0.30328515713662924
27 0.30380547813725967
28 0.3036892432567337
29 0.3027482089012835
30 0.3016727916462732
31 0.30110632552557864
32 0.29898819349188416
33 0.2965300201890015
34 0.29366430770221663
35 0.29072597176299514
36 0.2872776690731063
37 0.2837642443733734
38 0.27949384133242755
39 0.27462710912533556
40 0.2696873634634839