15 0.6087483638665947
16 0.6126007714541274
17 0.617537278488651
18 0.6210789028822845
19 0.6237119379863457
20 0.6273423687803757
21 0.629691002797974
22 0.6320254155560344
23 0.6328051307038477
24 0.6344747029773866
25 0.6371650468384011
26 0.6358077692183389
27 0.6358010533267213
28 0.6359993648402354
29 0.6352274255522072
30 0.635282991825047
31 0.6311042209167497
32 0.6309166263635081
33 0.6299753410575583
34 0.627110599865122
35 0.6239055241521329
36 0.6211630207068871
37 0.6171013542496124
38 0.6130001518359287
39 0.6098279092585528
40 0.6049657783323427