15077033
15077042
15077043
15077044
15077045
15077046
15077048
15077049
15077050
15077051
15078069
15078071
15078073
15078074
15078075
15078104
15078107
15078108
15080053
15080059
15081001
15081003
15081015
15082016
15082031
15082074
15083061
15084022
15084030
15086076
15088003
15088004
15088005
15088006
15090068
15092016
15092017
15092018
15095020
15095021
15095022
15096027
15097034
15097059
15097061
15097062
15097063
15097064
15097065
15098001
15098002
15098003
15098005
15098035
15098036
15098037
15098038
15098039
15098042
15100031
15100032
15100033
15100035
15100036
15100037
15100038
15100039
15100100
15100101
15100102
15100103
15101015
15101016
15101018
15102021
15102024
15104016
15104018
15108018
15108019
15108020
15109040
15110032
15113001
15114058
15115086
15120011
15121062
15121077
15121078
15122003
15122004
15122006
15122008
15122010
15122011
15122042
15122043
15122044
15122045
15122049
15123009
15123010
15123011
15123027
15123028
15123035
15123036
15123037
15124006
15124008
15124010
15124040
15124041
15124042
15124043
15124044
15124063
15125001
15125002
15125003
15125007
15126017
15126018
15126019
15126021
15126022
15126023
15128031
15129011
15131050
15131051
15131052
15132019
15144018
15146059
15146060
15146061
15146062
15147009
15147010
15147011
15147012
15147013
15147014
15147015
15152016
15153055
15153056
15153057
15153058
15154001
15154002
15154003
15159036
15161022
15166014
15166015
15095046
15095050
15096020
15097024
15097027
15097032
15098020
15098021
15098028
15098075
15098076
15098077
15099001
15099002
15100026
15100029
15100030
15101010
15101011
15101013
15112049
15118063
15119025
15121076
15122062
15122063
15122064
15122065
15123001
15123002
15123003
15123006
15123019
15123020
15123021
15123022
15123023
15123024
15123025
15123026
15123050
15123051
15123053
15123054
15124001
15124002
15124003
15124004
15124028
15124031
15124032
15124033
15124034
15124035
15124056
15124057
15124058
15124060
15124061
15124062
15126009
15126010
15126011
15126012
15126013
15126015
15126016
15129006
15130001
15131040
15131042
15131044
15131045
15131046
15131047
15131048
15131049
15132008
15132009
15132010
15132017
15132018
15133043
15135016
15145021
15146003
15146004
15146049
15146050
15146051
15146052
15146054
15146055
15146057
15146058
15147001
15147002
15147003
15147004
15147005
15147006
15147007
15147008
15147027
15147028
15147029
15147030
15147031
15147032
15147033
15147041
15147042
15148003
15148004
15148005
15148006
15148007
15148008
15148009
15148010
15148011
15149012
15149013
15149015
15149016
15149017
15149071
15149073
15149074
15149076
15150001
15150004
15150027
15150030
15150031
15150062
15151042
15152004
15153050
15156008
15161051
15161066
15161067
15162047
15162053
15163022
15163054
15164048
15164067
15089023
15089024
15089025
15089026
15090006
15092004
15092005
15092007
15092008
15092009
15092011
15092012
15092013
15097019
15097022
15098007
15098008
15098010
15098011
15098012
15098013
15098014
15098015
15098016
15098017
15098018
15098019
15098040
15098041
15098067
15098068
15098069
15098070
15098071
15098072
15098073
15098074
15100009
15100010
15100011
15100024
15100025
15100027
15100028
15100124
15101001
15101002
15101003
15101004
15101006
15101007
15101008
15101042
15104011
15104039
15104059
15107077
15108010
15108021
15108074
15108077
15109004
15109005
15110038
15110039
15110040
15110041
15110042
15110043
15110058
15111001
15111002
15111003
15111004
15111005
15111006
15111007
15111008
15111009
15111010
15111011
15111012
15111013
15111014
15111015
15111016
15114010
15114011
15114012
15114013
15114027
15114028
15117002
15119021
15119042
15119043
15121060
15121061
15122046
15122047
15122048
15122056
15122057
15122058
15122059
15122060
15122061
15123013
15123014
15123015
15123016
15123017
15123018
15123034
15123044
15123045
15123047
15123048
15123049
15124021
15124022
15124023
15124025
15124026
15124027
15124049
15124050
15124052
15124053
15124054
15124055
15125075
15126002
15126004
15126006
15126008
15126040
15131036
15131037
15131039
15132003
15132004
15132005
15132006
15133017
15135062
15140026
15142019
15142020
15142054
15142055
15142058
15144036
15145034
15146042
15146043
15146044
15146045
15146046
15146064
15146065
15146066
15146067
15146068
15146069
15147022
15147023
15147024
15147025
15147026
15147037
15147038
15147039
15147040
15148064
15149009
15149010
15149011
15149063
15149067
15150057
15156001
15156043
15162043
15163019
15164062
15164063
15164064
15165008
15165009
15165050
15165051
15165052
15166013
15166023
15166024
15166025
15166026
