
15 0.24903718099033403
16 0.2527904000528304
17 0.25626632664640786
18 0.2597452110580772
19 0.26300114804153
20 0.2656086183046138
21 0.2677805977138796
22 0.2698284396770698
23 0.2719421090895953
24 0.27292848281054155
25 0.272995854584973
26 0.27340122867683714
27 0.2730876435008053
28 0.27223870763310803
29 0.2712975822888928
30 0.2697185082521195
31 0.26862532848784426
32 0.26583942591319154
33 0.26308428640687614
34 0.2598077142102208
35 0.2563906186057067
36 0.25244040252136507
37 0.24846115577431202
38 0.24368162628781356
39 0.23863974425709053
40 0.23357076976023824