
15 0.18160823977793478
16 0.1840633058441275
17 0.1863151286516729
18 0.1884585724279228
19 0.19059530877076528
20 0.19218446825201566
21 0.1935109595901769
22 0.1947408375913634
23 0.195671753006757
24 0.1961165750125045
25 0.19562501996663112
26 0.1953734658681121
27 0.19461920585667863
28 0.19367664390984987
29 0.1921659240476475
30 0.19034537182266503
31 0.1886653795551832
32 0.18603708497980986
33 0.1832652925195256
34 0.18000538796530535
35 0.17681369952704995
36 0.17297290669795332
37 0.16906768424808324
38 0.16503965512693772
39 0.16039349557502355
40 0.1558202350084757