
15 0.26775421660344983
16 0.27676235277894096
17 0.2858789836767142
18 0.29392993745356816
19 0.3018459748005983
20 0.3093538892714596
21 0.31582163104139693
22 0.3222442878056953
23 0.32781504040709963
24 0.33313316387592057
25 0.3379987613076777
26 0.3412517410636659
27 0.34462196730962147
28 0.34775650247515166
29 0.3496675089654319
30 0.35195550142018717
31 0.3524552884984764
32 0.3542363368951455
33 0.35502801723784844
34 0.35457842104643256
35 0.35357891330789837
36 0.3525364689566291
37 0.35082180384431705
38 0.3486199832433224
39 0.3464150191535143
40 0.34341485882680456