
15 0.27596046097765364
16 0.2839026805313797
17 0.29149343486441476
18 0.29812217974949784
19 0.3053098226136252
20 0.31118415887761025
21 0.31708790752880817
22 0.32194090297183675
23 0.3265820223605421
24 0.33111249983369717
25 0.33423505230005773
26 0.33665731256491327
27 0.33923112955571677
28 0.3409893822988803
29 0.3423071888766098
30 0.34258354605554564
31 0.34336951118265197
32 0.3439489776458284
33 0.3430698695308196
34 0.34158021615052886
35 0.33988366758904726
36 0.33785205458515705
37 0.3350715186843323
38 0.33235427906446097
39 0.3290922494273129
40 0.32474438739456846