
15 0.3317712570190499
16 0.34095592683781334
17 0.35068184843769884
18 0.3592828977774245
19 0.36727408006939494
20 0.37529623039974036
21 0.3820035097184064
22 0.38862340085940605
23 0.39440534427851287
24 0.3997986185150134
25 0.4046267486714758
26 0.40802736192547506
27 0.41133427055972543
28 0.4144758124489847
29 0.416578464105004
30 0.4188518394144892
31 0.41923426964141297
32 0.4209042755670164
33 0.42209509246134447
34 0.42163246706947
35 0.4207440459242667
36 0.41962273532936273
37 0.417904030613603
38 0.41580066999441045
39 0.4134889083328513
40 0.410525757308302