paper: 	arXiv:1208.2254 

Cent0-10
p_{T} (GeV/c) 	R_{AA} 	p_{T} Uncorr 	Rat. (%)p_{T} Corr. 	Rat. (%)Global 	Rat. (%)
5.25 	 1.8594e-01 	 1.3671e-03 	 0.735 	 2.3779e-02 	 12.8 	 2.2616e-02 	 12.2
5.75 	 1.8552e-01 	 1.7548e-03 	 0.946 	 2.3779e-02 	 12.8 	 2.2564e-02 	 12.2
6.25 	 1.8822e-01 	 2.2771e-03 	 1.21 	 2.4178e-02 	 12.8 	 2.2893e-02 	 12.2
6.75 	 1.9223e-01 	 2.9342e-03 	 1.53 	 2.4751e-02 	 12.9 	 2.3381e-02 	 12.2
7.25 	 1.9077e-01 	 3.6067e-03 	 1.89 	 2.4628e-02 	 12.9 	 2.3203e-02 	 12.2
7.75 	 1.9671e-01 	 4.5438e-03 	 2.31 	 2.5470e-02 	 12.9 	 2.3925e-02 	 12.2
8.25 	 1.9897e-01 	 5.6201e-03 	 2.82 	 2.4184e-02 	 12.2 	 2.4200e-02 	 12.2
8.75 	 1.9700e-01 	 6.6363e-03 	 3.37 	 2.4053e-02 	 12.2 	 2.3961e-02 	 12.2
9.25 	 2.2411e-01 	 8.8675e-03 	 3.96 	 2.7549e-02 	 12.3 	 2.7258e-02 	 12.2
9.75 	 2.2495e-01 	 1.0915e-02 	 4.85 	 2.8444e-02 	 12.6 	 2.7361e-02 	 12.2
11 	 2.2526e-01 	 7.6901e-03 	 3.41 	 3.3706e-02 	 15 	 2.7398e-02 	 12.2
13 	 2.4026e-01 	 1.5137e-02 	 6.3 	 5.0170e-02 	 20.9 	 2.9222e-02 	 12.2
15 	 3.2436e-01 	 3.6734e-02 	 11.3 	 9.0579e-02 	 27.9 	 3.9451e-02 	 12.2
17 	 3.7630e-01 	 7.2167e-02 	 19.2 	 1.3431e-01 	 35.7 	 4.5769e-02 	 12.2
19 	 2.6386e-01 	 9.9973e-02 	 37.9 	 1.1517e-01 	 43.6 	 3.2093e-02 	 12.2
  
Cent10-20
p_{T} (GeV/c) 	R_{AA} 	p_{T} Uncorr 	Rat. (%)p_{T} Corr. 	Rat. (%)Global 	Rat. (%)
5.25 	 2.6303e-01 	 1.8098e-03 	 0.688 	 3.3637e-02 	 12.8 	 3.1671e-02 	 12
5.75 	 2.5814e-01 	 2.3387e-03 	 0.906 	 3.3088e-02 	 12.8 	 3.1082e-02 	 12
6.25 	 2.5446e-01 	 3.0254e-03 	 1.19 	 3.2687e-02 	 12.8 	 3.0639e-02 	 12
6.75 	 2.6251e-01 	 3.9579e-03 	 1.51 	 3.3800e-02 	 12.9 	 3.1609e-02 	 12
7.25 	 2.6427e-01 	 4.9517e-03 	 1.87 	 3.4117e-02 	 12.9 	 3.1820e-02 	 12
7.75 	 2.6460e-01 	 6.1485e-03 	 2.32 	 3.4261e-02 	 12.9 	 3.1860e-02 	 12
8.25 	 2.7572e-01 	 7.8097e-03 	 2.83 	 3.3513e-02 	 12.2 	 3.3199e-02 	 12
8.75 	 2.6913e-01 	 9.0856e-03 	 3.38 	 3.2859e-02 	 12.2 	 3.2406e-02 	 12
9.25 	 2.8791e-01 	 1.1763e-02 	 4.09 	 3.5392e-02 	 12.3 	 3.4667e-02 	 12
9.75 	 3.0434e-01 	 1.5093e-02 	 4.96 	 3.8481e-02 	 12.6 	 3.6645e-02 	 12
11 	 2.9496e-01 	 1.0383e-02 	 3.52 	 4.4135e-02 	 15 	 3.5516e-02 	 12
13 	 3.0381e-01 	 2.0055e-02 	 6.6 	 6.3441e-02 	 20.9 	 3.6581e-02 	 12
15 	 3.8696e-01 	 4.6316e-02 	 12 	 1.0806e-01 	 27.9 	 4.6594e-02 	 12
17 	 4.0000e-01 	 8.9403e-02 	 22.4 	 1.4276e-01 	 35.7 	 4.8163e-02 	 12
19 	 3.2404e-01 	 1.3303e-01 	 41.1 	 1.4144e-01 	 43.6 	 3.9017e-02 	 12
  
Cent20-30
p_{T} (GeV/c) 	R_{AA} 	p_{T} Uncorr 	Rat. (%)p_{T} Corr. 	Rat. (%)Global 	Rat. (%)
5.25 	 3.5279e-01 	 2.4238e-03 	 0.687 	 4.5116e-02 	 12.8 	 4.3422e-02 	 12.3
5.75 	 3.3766e-01 	 3.1151e-03 	 0.923 	 4.3280e-02 	 12.8 	 4.1559e-02 	 12.3
6.25 	 3.4115e-01 	 4.1083e-03 	 1.2 	 4.3824e-02 	 12.8 	 4.1990e-02 	 12.3
6.75 	 3.3820e-01 	 5.2932e-03 	 1.57 	 4.3545e-02 	 12.9 	 4.1626e-02 	 12.3
7.25 	 3.3471e-01 	 6.5420e-03 	 1.95 	 4.3212e-02 	 12.9 	 4.1197e-02 	 12.3
7.75 	 3.4436e-01 	 8.3213e-03 	 2.42 	 4.4589e-02 	 12.9 	 4.2384e-02 	 12.3
8.25 	 3.5110e-01 	 1.0412e-02 	 2.97 	 4.2675e-02 	 12.2 	 4.3214e-02 	 12.3
8.75 	 3.2676e-01 	 1.1915e-02 	 3.65 	 3.9895e-02 	 12.2 	 4.0218e-02 	 12.3
9.25 	 3.4250e-01 	 1.5157e-02 	 4.43 	 4.2103e-02 	 12.3 	 4.2156e-02 	 12.3
9.75 	 4.0062e-01 	 2.0558e-02 	 5.13 	 5.0655e-02 	 12.6 	 4.9308e-02 	 12.3
11 	 3.7795e-01 	 1.4135e-02 	 3.74 	 5.6553e-02 	 15 	 4.6519e-02 	 12.3
13 	 4.0848e-01 	 2.8125e-02 	 6.89 	 8.5299e-02 	 20.9 	 5.0276e-02 	 12.3
15 	 5.2161e-01 	 6.5192e-02 	 12.5 	 1.4566e-01 	 27.9 	 6.4200e-02 	 12.3
17 	 3.7127e-01 	 9.4778e-02 	 25.5 	 1.3251e-01 	 35.7 	 4.5696e-02 	 12.3
19 	 4.5502e-01 	 1.9645e-01 	 43.2 	 1.9861e-01 	 43.6 	 5.6004e-02 	 12.3
  
Cent30-40
p_{T} (GeV/c) 	R_{AA} 	p_{T} Uncorr 	Rat. (%)p_{T} Corr. 	Rat. (%)Global 	Rat. (%)
5.25 	 4.4084e-01 	 3.1664e-03 	 0.718 	 5.6375e-02 	 12.8 	 5.7412e-02 	 13
5.75 	 4.2344e-01 	 4.1374e-03 	 0.977 	 5.4276e-02 	 12.8 	 5.5146e-02 	 13
6.25 	 4.3944e-01 	 5.5768e-03 	 1.27 	 5.6450e-02 	 12.8 	 5.7230e-02 	 13
6.75 	 4.3407e-01 	 7.2185e-03 	 1.66 	 5.5889e-02 	 12.9 	 5.6530e-02 	 13
7.25 	 4.1864e-01 	 8.8532e-03 	 2.11 	 5.4047e-02 	 12.9 	 5.4521e-02 	 13
7.75 	 4.3982e-01 	 1.1350e-02 	 2.58 	 5.6950e-02 	 12.9 	 5.7280e-02 	 13
8.25 	 4.3974e-01 	 1.4103e-02 	 3.21 	 5.3449e-02 	 12.2 	 5.7269e-02 	 13
8.75 	 4.3130e-01 	 1.6747e-02 	 3.88 	 5.2658e-02 	 12.2 	 5.6169e-02 	 13
9.25 	 4.1934e-01 	 2.0429e-02 	 4.87 	 5.1548e-02 	 12.3 	 5.4612e-02 	 13
9.75 	 4.2906e-01 	 2.5320e-02 	 5.9 	 5.4252e-02 	 12.6 	 5.5878e-02 	 13
11 	 4.5256e-01 	 1.8683e-02 	 4.13 	 6.7716e-02 	 15 	 5.8938e-02 	 13
13 	 4.7623e-01 	 3.6342e-02 	 7.63 	 9.9448e-02 	 20.9 	 6.2022e-02 	 13
15 	 5.9690e-01 	 9.2052e-02 	 15.4 	 1.6669e-01 	 27.9 	 7.7736e-02 	 13
17 	 5.0019e-01 	 1.3823e-01 	 27.6 	 1.7852e-01 	 35.7 	 6.5141e-02 	 13
19 	 5.4226e-01 	 2.6761e-01 	 49.4 	 2.3669e-01 	 43.6 	 7.0620e-02 	 13
  
Cent40-50
p_{T} (GeV/c) 	R_{AA} 	p_{T} Uncorr 	Rat. (%)p_{T} Corr. 	Rat. (%)Global 	Rat. (%)
5.25 	 5.4217e-01 	 4.2834e-03 	 0.79 	 6.9334e-02 	 12.8 	 7.9321e-02 	 14.6
5.75 	 5.3460e-01 	 5.7088e-03 	 1.07 	 6.8524e-02 	 12.8 	 7.8213e-02 	 14.6
6.25 	 5.5324e-01 	 7.7608e-03 	 1.4 	 7.1068e-02 	 12.8 	 8.0940e-02 	 14.6
6.75 	 5.5311e-01 	 1.0136e-02 	 1.83 	 7.1215e-02 	 12.9 	 8.0921e-02 	 14.6
7.25 	 5.2270e-01 	 1.2451e-02 	 2.38 	 6.7481e-02 	 12.9 	 7.6472e-02 	 14.6
7.75 	 5.5623e-01 	 1.5979e-02 	 2.87 	 7.2023e-02 	 12.9 	 8.1377e-02 	 14.6
8.25 	 5.4045e-01 	 1.9592e-02 	 3.63 	 6.5690e-02 	 12.2 	 7.9068e-02 	 14.6
8.75 	 5.4568e-01 	 2.3534e-02 	 4.31 	 6.6623e-02 	 12.2 	 7.9834e-02 	 14.6
9.25 	 5.4655e-01 	 2.8924e-02 	 5.29 	 6.7187e-02 	 12.3 	 7.9962e-02 	 14.6
9.75 	 6.0590e-01 	 3.8079e-02 	 6.28 	 7.6612e-02 	 12.6 	 8.8645e-02 	 14.6
11 	 5.2305e-01 	 2.5272e-02 	 4.83 	 7.8265e-02 	 15 	 7.6524e-02 	 14.6
13 	 5.6896e-01 	 5.1153e-02 	 8.99 	 1.1881e-01 	 20.9 	 8.3240e-02 	 14.6
15 	 4.3622e-01 	 2.4810e-01 	 56.9 	 1.2182e-01 	 27.9 	 6.3819e-02 	 14.6
17 	 6.2795e-01 	 1.9945e-01 	 31.8 	 2.2412e-01 	 35.7 	 9.1870e-02 	 14.6
19 	 9.6547e-01 	 4.7647e-01 	 49.4 	 4.2141e-01 	 43.6 	 1.4125e-01 	 14.6
  
Cent50-60
p_{T} (GeV/c) 	R_{AA} 	p_{T} Uncorr 	Rat. (%)p_{T} Corr. 	Rat. (%)Global 	Rat. (%)
5.25 	 6.6913e-01 	 6.1648e-03 	 0.921 	 8.5570e-02 	 12.8 	 1.1418e-01 	 17.1
5.75 	 6.5167e-01 	 8.2129e-03 	 1.26 	 8.3529e-02 	 12.8 	 1.1120e-01 	 17.1
6.25 	 6.7756e-01 	 1.1231e-02 	 1.66 	 8.7038e-02 	 12.8 	 1.1562e-01 	 17.1
6.75 	 6.7646e-01 	 1.4583e-02 	 2.16 	 8.7097e-02 	 12.9 	 1.1543e-01 	 17.1
7.25 	 6.5326e-01 	 1.8283e-02 	 2.8 	 8.4337e-02 	 12.9 	 1.1147e-01 	 17.1
7.75 	 6.5625e-01 	 2.2857e-02 	 3.48 	 8.4974e-02 	 12.9 	 1.1198e-01 	 17.1
8.25 	 6.8512e-01 	 2.9741e-02 	 4.34 	 8.3274e-02 	 12.2 	 1.1691e-01 	 17.1
8.75 	 6.3994e-01 	 3.4364e-02 	 5.37 	 7.8132e-02 	 12.2 	 1.0920e-01 	 17.1
9.25 	 6.3385e-01 	 4.3123e-02 	 6.8 	 7.7918e-02 	 12.3 	 1.0816e-01 	 17.1
9.75 	 7.2547e-01 	 5.5419e-02 	 7.64 	 9.1730e-02 	 12.6 	 1.2379e-01 	 17.1
11 	 6.4485e-01 	 3.7804e-02 	 5.86 	 9.6489e-02 	 15 	 1.1003e-01 	 17.1
13 	 7.3783e-01 	 8.5261e-02 	 11.6 	 1.5408e-01 	 20.9 	 1.2590e-01 	 17.1
15 	 8.2173e-01 	 1.6000e-01 	 19.5 	 2.2947e-01 	 27.9 	 1.4022e-01 	 17.1
17 	 5.0973e-01 	 2.3775e-01 	 46.6 	 1.8193e-01 	 35.7 	 8.6978e-02 	 17.1
19 	 3.7620e-01 	 3.8430e-01 	 102 	 1.6420e-01 	 43.6 	 6.4193e-02 	 17.1
  
Cent60-70
p_{T} (GeV/c) 	R_{AA} 	p_{T} Uncorr 	Rat. (%)p_{T} Corr. 	Rat. (%)Global 	Rat. (%)
5.25 	 7.7264e-01 	 9.1000e-03 	 1.18 	 9.8807e-02 	 12.8 	 1.5736e-01 	 20.4
5.75 	 7.8509e-01 	 1.2398e-02 	 1.58 	 1.0063e-01 	 12.8 	 1.5990e-01 	 20.4
6.25 	 7.6421e-01 	 1.6569e-02 	 2.17 	 9.8169e-02 	 12.8 	 1.5564e-01 	 20.4
6.75 	 8.2782e-01 	 2.2461e-02 	 2.71 	 1.0659e-01 	 12.9 	 1.6860e-01 	 20.4
7.25 	 7.4905e-01 	 2.6962e-02 	 3.6 	 9.6703e-02 	 12.9 	 1.5256e-01 	 20.4
7.75 	 7.5756e-01 	 3.4308e-02 	 4.53 	 9.8092e-02 	 12.9 	 1.5429e-01 	 20.4
8.25 	 7.7468e-01 	 4.2964e-02 	 5.55 	 9.4160e-02 	 12.2 	 1.5778e-01 	 20.4
8.75 	 7.6356e-01 	 5.2660e-02 	 6.9 	 9.3226e-02 	 12.2 	 1.5551e-01 	 20.4
9.25 	 6.7455e-01 	 6.3670e-02 	 9.44 	 8.2920e-02 	 12.3 	 1.3738e-01 	 20.4
9.75 	 9.5094e-01 	 9.2479e-02 	 9.72 	 1.2024e-01 	 12.6 	 1.9368e-01 	 20.4
11 	 7.1348e-01 	 5.5163e-02 	 7.73 	 1.0676e-01 	 15 	 1.4531e-01 	 20.4
13 	 9.3343e-01 	 1.1539e-01 	 12.4 	 1.9492e-01 	 20.9 	 1.9011e-01 	 20.4
15 	 1.2588e+00 	 2.8186e-01 	 22.4 	 3.5152e-01 	 27.9 	 2.5637e-01 	 20.4
17 	 2.3914e+00 	 7.8757e-01 	 32.9 	 8.5354e-01 	 35.7 	 4.8706e-01 	 20.4
19 	 8.0396e-01 	 8.2128e-01 	 102 	 3.5091e-01 	 43.6 	 1.6374e-01 	 20.4
  
Cent70-80
p_{T} (GeV/c) 	R_{AA} 	p_{T} Uncorr 	Rat. (%)p_{T} Corr. 	Rat. (%)Global 	Rat. (%)
5.25 	 8.7012e-01 	 1.4221e-02 	 1.63 	 1.1127e-01 	 12.8 	 2.1285e-01 	 24.5
5.75 	 8.7313e-01 	 1.9402e-02 	 2.22 	 1.1192e-01 	 12.8 	 2.1358e-01 	 24.5
6.25 	 8.7360e-01 	 2.6043e-02 	 2.98 	 1.1222e-01 	 12.8 	 2.1370e-01 	 24.5
6.75 	 8.6078e-01 	 3.3547e-02 	 3.9 	 1.1083e-01 	 12.9 	 2.1056e-01 	 24.5
7.25 	 9.2983e-01 	 4.5199e-02 	 4.86 	 1.2004e-01 	 12.9 	 2.2745e-01 	 24.5
7.75 	 8.9040e-01 	 5.8816e-02 	 6.61 	 1.1529e-01 	 12.9 	 2.1781e-01 	 24.5
8.25 	 8.8234e-01 	 6.8828e-02 	 7.8 	 1.0725e-01 	 12.2 	 2.1584e-01 	 24.5
8.75 	 9.5200e-01 	 8.2823e-02 	 8.7 	 1.1623e-01 	 12.2 	 2.3288e-01 	 24.5
9.25 	 8.8981e-01 	 1.0679e-01 	 12 	 1.0938e-01 	 12.3 	 2.1766e-01 	 24.5
9.75 	 1.0239e+00 	 1.3071e-01 	 12.8 	 1.2946e-01 	 12.6 	 2.5045e-01 	 24.5
11 	 7.5518e-01 	 7.9215e-02 	 10.5 	 1.1300e-01 	 15 	 1.8473e-01 	 24.5
13 	 1.0687e+00 	 1.8246e-01 	 17.1 	 2.2317e-01 	 20.9 	 2.6142e-01 	 24.5
15 	 6.4479e-01 	 2.9312e-01 	 45.5 	 1.8006e-01 	 27.9 	 1.5773e-01 	 24.5
17 	 1.0232e+00 	 7.3607e-01 	 71.9 	 3.6518e-01 	 35.7 	 2.5029e-01 	 24.5
19 	  0  	  0  	  0  	  0  	  0  	  0  	  0 
  
Cent80-93
p_{T} (GeV/c) 	R_{AA} 	p_{T} Uncorr 	Rat. (%)p_{T} Corr. 	Rat. (%)Global 	Rat. (%)
5.25 	 8.2983e-01 	 2.0588e-02 	 2.48 	 1.0612e-01 	 12.8 	 1.7305e-01 	 20.9
5.75 	 8.3848e-01 	 2.8150e-02 	 3.36 	 1.0747e-01 	 12.8 	 1.7485e-01 	 20.9
6.25 	 8.5371e-01 	 3.8972e-02 	 4.57 	 1.0967e-01 	 12.8 	 1.7803e-01 	 20.9
6.75 	 9.0704e-01 	 5.0871e-02 	 5.61 	 1.1679e-01 	 12.9 	 1.8915e-01 	 20.9
7.25 	 9.4643e-01 	 6.7196e-02 	 7.1 	 1.2219e-01 	 12.9 	 1.9737e-01 	 20.9
7.75 	 8.5658e-01 	 8.1155e-02 	 9.47 	 1.1091e-01 	 12.9 	 1.7863e-01 	 20.9
8.25 	 9.0385e-01 	 1.0537e-01 	 11.7 	 1.0986e-01 	 12.2 	 1.8849e-01 	 20.9
8.75 	 6.9039e-01 	 1.2998e-01 	 18.8 	 8.4292e-02 	 12.2 	 1.4397e-01 	 20.9
9.25 	 7.5655e-01 	 1.3531e-01 	 17.9 	 9.3001e-02 	 12.3 	 1.5777e-01 	 20.9
9.75 	 6.4190e-01 	 1.5285e-01 	 23.8 	 8.1164e-02 	 12.6 	 1.3386e-01 	 20.9
11 	 9.3962e-01 	 1.3227e-01 	 14.1 	 1.4060e-01 	 15 	 1.9595e-01 	 20.9
13 	 6.6368e-01 	 2.1209e-01 	 32 	 1.3859e-01 	 20.9 	 1.3840e-01 	 20.9
15 	 2.9631e-01 	 2.9729e-01 	 100 	 8.2745e-02 	 27.9 	 6.1791e-02 	 20.9
17 	 1.1764e+00 	 1.1867e+00 	 101 	 4.1988e-01 	 35.7 	 2.4533e-01 	 20.9
19 	  0  	  0  	  0  	  0  	  0  	  0  	  0 
  
Cent0-93
p_{T} (GeV/c) 	R_{AA} 	p_{T} Uncorr 	Rat. (%)p_{T} Corr. 	Rat. (%)Global 	Rat. (%)
5.25 	 3.1047e-01 	 1.4276e-03 	 0.46 	 3.9704e-02 	 12.8 	 4.3782e-02 	 14.1
5.75 	 3.0023e-01 	 1.8622e-03 	 0.62 	 3.8482e-02 	 12.8 	 4.2338e-02 	 14.1
6.25 	 3.0128e-01 	 2.4782e-03 	 0.823 	 3.8702e-02 	 12.8 	 4.2486e-02 	 14.1
6.75 	 3.0253e-01 	 3.2450e-03 	 1.07 	 3.8953e-02 	 12.9 	 4.2662e-02 	 14.1
7.25 	 2.9625e-01 	 4.0024e-03 	 1.35 	 3.8246e-02 	 12.9 	 4.1776e-02 	 14.1
7.75 	 3.0306e-01 	 5.1066e-03 	 1.68 	 3.9242e-02 	 12.9 	 4.2738e-02 	 14.1
8.25 	 3.0701e-01 	 6.4169e-03 	 2.09 	 3.7317e-02 	 12.2 	 4.3294e-02 	 14.1
8.75 	 2.9729e-01 	 7.4500e-03 	 2.51 	 3.6297e-02 	 12.2 	 4.1924e-02 	 14.1
9.25 	 3.1230e-01 	 9.6474e-03 	 3.09 	 3.8391e-02 	 12.3 	 4.4040e-02 	 14.1
9.75 	 3.3679e-01 	 1.2778e-02 	 3.79 	 4.2584e-02 	 12.6 	 4.7493e-02 	 14.1
11 	 3.2398e-01 	 8.7928e-03 	 2.71 	 4.8477e-02 	 15 	 4.5686e-02 	 14.1
13 	 3.4575e-01 	 1.7682e-02 	 5.11 	 7.2200e-02 	 20.9 	 4.8757e-02 	 14.1
15 	 4.3700e-01 	 4.0117e-02 	 9.18 	 1.2203e-01 	 27.9 	 6.1625e-02 	 14.1
17 	 4.3444e-01 	 6.7447e-02 	 15.5 	 1.5506e-01 	 35.7 	 6.1264e-02 	 14.1
19 	 3.7505e-01 	 9.9637e-02 	 26.6 	 1.6370e-01 	 43.6 	 5.2889e-02 	 14.1
  
Cent0-5
p_{T} (GeV/c) 	R_{AA} 	p_{T} Uncorr 	Rat. (%)p_{T} Corr. 	Rat. (%)Global 	Rat. (%)
5.25 	 1.7528e-01 	 1.7519e-03 	 0.999 	 2.2416e-02 	 12.8 	 2.1445e-02 	 12.2
5.75 	 1.7531e-01 	 2.2016e-03 	 1.26 	 2.2470e-02 	 12.8 	 2.1447e-02 	 12.2
6.25 	 1.7560e-01 	 2.7955e-03 	 1.59 	 2.2557e-02 	 12.8 	 2.1483e-02 	 12.2
6.75 	 1.8227e-01 	 3.5744e-03 	 1.96 	 2.3469e-02 	 12.9 	 2.2300e-02 	 12.2
7.25 	 1.7485e-01 	 4.2741e-03 	 2.44 	 2.2574e-02 	 12.9 	 2.1392e-02 	 12.2
7.75 	 1.8145e-01 	 5.3353e-03 	 2.94 	 2.3496e-02 	 12.9 	 2.2200e-02 	 12.2
8.25 	 1.8936e-01 	 6.6669e-03 	 3.52 	 2.3016e-02 	 12.2 	 2.3167e-02 	 12.2
8.75 	 1.7661e-01 	 7.6220e-03 	 4.32 	 2.1562e-02 	 12.2 	 2.1606e-02 	 12.2
9.25 	 2.0798e-01 	 1.0048e-02 	 4.83 	 2.5566e-02 	 12.3 	 2.5444e-02 	 12.2
9.75 	 2.2883e-01 	 1.3090e-02 	 5.72 	 2.8934e-02 	 12.6 	 2.7996e-02 	 12.2
11 	 2.0791e-01 	 8.6523e-03 	 4.16 	 3.1109e-02 	 15 	 2.5436e-02 	 12.2
13 	 2.4546e-01 	 1.7960e-02 	 7.32 	 5.1257e-02 	 20.9 	 3.0030e-02 	 12.2
15 	 2.9822e-01 	 4.1929e-02 	 14.1 	 8.3280e-02 	 27.9 	 3.6485e-02 	 12.2
17 	 3.1373e-01 	 7.6345e-02 	 24.3 	 1.1198e-01 	 35.7 	 3.8383e-02 	 12.2
19 	 3.3084e-01 	 1.4284e-01 	 43.2 	 1.4441e-01 	 43.6 	 4.0475e-02 	 12.2
   
