//prior|R|pTlead|unfolding|centrality|binning|test
//R=0.2
//pTlead=4
//Bayes
diter_data_g[2][0][1][0][1][3][0]=-1;
diter_data_g[4][0][1][0][1][3][0]=-1;
diter_data_g[5][0][1][0][1][3][0]=-1;
diter_data_g[6][0][1][0][1][3][0]=-1;
diter_data_g[7][0][1][0][1][3][0]=-1;
diter_data_g[8][0][1][0][1][3][0]=-1;
diter_data_g[9][0][1][0][1][3][0]=-1;
diter_data_g[10][0][1][0][1][3][0]=-1;
diter_data_g[11][0][1][0][1][3][0]=-1;
diter_data_g[12][0][1][0][1][3][0]=-1;
diter_data_g[13][0][1][0][1][3][0]=-1;
diter_data_g[14][0][1][0][1][3][0]=-1;
diter_data_g[15][0][1][0][1][3][0]=-1;
//SVD
diter_data_g[2][0][1][1][1][3][0]=-1;
diter_data_g[4][0][1][1][1][3][0]=-1;
diter_data_g[5][0][1][1][1][3][0]=-1;
diter_data_g[6][0][1][1][1][3][0]=-1;
diter_data_g[7][0][1][1][1][3][0]=-1;
diter_data_g[8][0][1][1][1][3][0]=-1;
diter_data_g[9][0][1][1][1][3][0]=-1;
diter_data_g[10][0][1][1][1][3][0]=-1;
diter_data_g[11][0][1][1][1][3][0]=-1;
diter_data_g[12][0][1][1][1][3][0]=-1;
diter_data_g[13][0][1][1][1][3][0]=-1;
diter_data_g[14][0][1][1][1][3][0]=-1;
diter_data_g[15][0][1][1][1][3][0]=-1;
//pTlead=5
//Bayes
diter_data_g[2][0][2][0][1][3][0]=-1;
diter_data_g[4][0][2][0][1][3][0]=-1;
diter_data_g[5][0][2][0][1][3][0]=-1;
diter_data_g[6][0][2][0][1][3][0]=-1;
diter_data_g[7][0][2][0][1][3][0]=-1;
diter_data_g[8][0][2][0][1][3][0]=-1;
diter_data_g[9][0][2][0][1][3][0]=-1;
diter_data_g[10][0][2][0][1][3][0]=-1;
diter_data_g[11][0][2][0][1][3][0]=-1;
diter_data_g[12][0][2][0][1][3][0]=-1;
diter_data_g[13][0][2][0][1][3][0]=-1;
diter_data_g[14][0][2][0][1][3][0]=-1;
diter_data_g[15][0][2][0][1][3][0]=-1;
//SVD
diter_data_g[2][0][2][1][1][3][0]=-1;
diter_data_g[4][0][2][1][1][3][0]=-1;
diter_data_g[5][0][2][1][1][3][0]=-1;
diter_data_g[6][0][2][1][1][3][0]=-1;
diter_data_g[7][0][2][1][1][3][0]=-1;
diter_data_g[8][0][2][1][1][3][0]=-1;
diter_data_g[9][0][2][1][1][3][0]=-1;
diter_data_g[10][0][2][1][1][3][0]=-1;
diter_data_g[11][0][2][1][1][3][0]=-1;
diter_data_g[12][0][2][1][1][3][0]=-1;
diter_data_g[13][0][2][1][1][3][0]=-1;
diter_data_g[14][0][2][1][1][3][0]=-1;
diter_data_g[15][0][2][1][1][3][0]=-1;
//pTlead=6
//Bayes
diter_data_g[2][0][3][0][1][3][0]=-1;
diter_data_g[4][0][3][0][1][3][0]=-1;
diter_data_g[5][0][3][0][1][3][0]=-1;
diter_data_g[6][0][3][0][1][3][0]=-1;
diter_data_g[7][0][3][0][1][3][0]=-1;
diter_data_g[8][0][3][0][1][3][0]=-1;
diter_data_g[9][0][3][0][1][3][0]=-1;
diter_data_g[10][0][3][0][1][3][0]=-1;
diter_data_g[11][0][3][0][1][3][0]=-1;
diter_data_g[12][0][3][0][1][3][0]=-1;
diter_data_g[13][0][3][0][1][3][0]=-1;
diter_data_g[14][0][3][0][1][3][0]=-1;
diter_data_g[15][0][3][0][1][3][0]=-1;
//SVD
diter_data_g[2][0][3][1][1][3][0]=-1;
diter_data_g[4][0][3][1][1][3][0]=-1;
diter_data_g[5][0][3][1][1][3][0]=-1;
diter_data_g[6][0][3][1][1][3][0]=-1;
diter_data_g[7][0][3][1][1][3][0]=-1;
diter_data_g[8][0][3][1][1][3][0]=-1;
diter_data_g[9][0][3][1][1][3][0]=-1;
diter_data_g[10][0][3][1][1][3][0]=-1;
diter_data_g[11][0][3][1][1][3][0]=-1;
diter_data_g[12][0][3][1][1][3][0]=-1;
diter_data_g[13][0][3][1][1][3][0]=-1;
diter_data_g[14][0][3][1][1][3][0]=-1;
diter_data_g[15][0][3][1][1][3][0]=-1;
//R=0.3
//pTlead=4
//Bayes
diter_data_g[2][1][1][0][1][3][0]=-1;
diter_data_g[4][1][1][0][1][3][0]=-1;
diter_data_g[5][1][1][0][1][3][0]=-1;
diter_data_g[6][1][1][0][1][3][0]=-1;
diter_data_g[7][1][1][0][1][3][0]=-1;
diter_data_g[8][1][1][0][1][3][0]=-1;
diter_data_g[9][1][1][0][1][3][0]=-1;
diter_data_g[10][1][1][0][1][3][0]=-1;
diter_data_g[11][1][1][0][1][3][0]=-1;
diter_data_g[12][1][1][0][1][3][0]=-1;
diter_data_g[13][1][1][0][1][3][0]=-1;
diter_data_g[14][1][1][0][1][3][0]=-1;
diter_data_g[15][1][1][0][1][3][0]=-1;
//SVD
diter_data_g[2][1][1][1][1][3][0]=-1;
diter_data_g[4][1][1][1][1][3][0]=-1;
diter_data_g[5][1][1][1][1][3][0]=-1;
diter_data_g[6][1][1][1][1][3][0]=-1;
diter_data_g[7][1][1][1][1][3][0]=-1;
diter_data_g[8][1][1][1][1][3][0]=-1;
diter_data_g[9][1][1][1][1][3][0]=-1;
diter_data_g[10][1][1][1][1][3][0]=-1;
diter_data_g[11][1][1][1][1][3][0]=-1;
diter_data_g[12][1][1][1][1][3][0]=-1;
diter_data_g[13][1][1][1][1][3][0]=-1;
diter_data_g[14][1][1][1][1][3][0]=-1;
diter_data_g[15][1][1][1][1][3][0]=-1;
//pTlead=5
//Bayes
diter_data_g[2][1][2][0][1][3][0]=-1;
diter_data_g[4][1][2][0][1][3][0]=-1;
diter_data_g[5][1][2][0][1][3][0]=-1;
diter_data_g[6][1][2][0][1][3][0]=-1;
diter_data_g[7][1][2][0][1][3][0]=-1;
diter_data_g[8][1][2][0][1][3][0]=-1;
diter_data_g[9][1][2][0][1][3][0]=-1;
diter_data_g[10][1][2][0][1][3][0]=-1;
diter_data_g[11][1][2][0][1][3][0]=-1;
diter_data_g[12][1][2][0][1][3][0]=-1;
diter_data_g[13][1][2][0][1][3][0]=-1;
diter_data_g[14][1][2][0][1][3][0]=-1;
diter_data_g[15][1][2][0][1][3][0]=-1;
//SVD
diter_data_g[2][1][2][1][1][3][0]=-1;
diter_data_g[4][1][2][1][1][3][0]=-1;
diter_data_g[5][1][2][1][1][3][0]=-1;
diter_data_g[6][1][2][1][1][3][0]=-1;
diter_data_g[7][1][2][1][1][3][0]=-1;
diter_data_g[8][1][2][1][1][3][0]=-1;
diter_data_g[9][1][2][1][1][3][0]=-1;
diter_data_g[10][1][2][1][1][3][0]=-1;
diter_data_g[11][1][2][1][1][3][0]=-1;
diter_data_g[12][1][2][1][1][3][0]=-1;
diter_data_g[13][1][2][1][1][3][0]=-1;
diter_data_g[14][1][2][1][1][3][0]=-1;
diter_data_g[15][1][2][1][1][3][0]=-1;
//pTlead=6
//Bayes
diter_data_g[2][1][3][0][1][3][0]=-1;
diter_data_g[4][1][3][0][1][3][0]=-1;
diter_data_g[5][1][3][0][1][3][0]=-1;
diter_data_g[6][1][3][0][1][3][0]=-1;
diter_data_g[7][1][3][0][1][3][0]=-1;
diter_data_g[8][1][3][0][1][3][0]=-1;
diter_data_g[9][1][3][0][1][3][0]=-1;
diter_data_g[10][1][3][0][1][3][0]=-1;
diter_data_g[11][1][3][0][1][3][0]=-1;
diter_data_g[12][1][3][0][1][3][0]=-1;
diter_data_g[13][1][3][0][1][3][0]=-1;
diter_data_g[14][1][3][0][1][3][0]=-1;
diter_data_g[15][1][3][0][1][3][0]=-1;
//SVD
diter_data_g[2][1][3][1][1][3][0]=-1;
diter_data_g[4][1][3][1][1][3][0]=-1;
diter_data_g[5][1][3][1][1][3][0]=-1;
diter_data_g[6][1][3][1][1][3][0]=-1;
diter_data_g[7][1][3][1][1][3][0]=-1;
diter_data_g[8][1][3][1][1][3][0]=-1;
diter_data_g[9][1][3][1][1][3][0]=-1;
diter_data_g[10][1][3][1][1][3][0]=-1;
diter_data_g[11][1][3][1][1][3][0]=-1;
diter_data_g[12][1][3][1][1][3][0]=-1;
diter_data_g[13][1][3][1][1][3][0]=-1;
diter_data_g[14][1][3][1][1][3][0]=-1;
diter_data_g[15][1][3][1][1][3][0]=-1;
//R=0.4
//pTlead=4
//Bayes
diter_data_g[2][2][1][0][1][3][0]=-1;
diter_data_g[4][2][1][0][1][3][0]=-1;
diter_data_g[5][2][1][0][1][3][0]=-1;
diter_data_g[6][2][1][0][1][3][0]=-1;
diter_data_g[7][2][1][0][1][3][0]=-1;
diter_data_g[8][2][1][0][1][3][0]=-1;
diter_data_g[9][2][1][0][1][3][0]=-1;
diter_data_g[10][2][1][0][1][3][0]=-1;
diter_data_g[11][2][1][0][1][3][0]=-1;
diter_data_g[12][2][1][0][1][3][0]=-1;
diter_data_g[13][2][1][0][1][3][0]=-1;
diter_data_g[14][2][1][0][1][3][0]=-1;
diter_data_g[15][2][1][0][1][3][0]=-1;
//SVD
diter_data_g[2][2][1][1][1][3][0]=-1;
diter_data_g[4][2][1][1][1][3][0]=-1;
diter_data_g[5][2][1][1][1][3][0]=-1;
diter_data_g[6][2][1][1][1][3][0]=-1;
diter_data_g[7][2][1][1][1][3][0]=-1;
diter_data_g[8][2][1][1][1][3][0]=-1;
diter_data_g[9][2][1][1][1][3][0]=-1;
diter_data_g[10][2][1][1][1][3][0]=-1;
diter_data_g[11][2][1][1][1][3][0]=-1;
diter_data_g[12][2][1][1][1][3][0]=-1;
diter_data_g[13][2][1][1][1][3][0]=-1;
diter_data_g[14][2][1][1][1][3][0]=-1;
diter_data_g[15][2][1][1][1][3][0]=-1;
//pTlead=5
//Bayes
diter_data_g[2][2][2][0][1][3][0]=-1;
diter_data_g[4][2][2][0][1][3][0]=-1;
diter_data_g[5][2][2][0][1][3][0]=-1;
diter_data_g[6][2][2][0][1][3][0]=-1;
diter_data_g[7][2][2][0][1][3][0]=-1;
diter_data_g[8][2][2][0][1][3][0]=-1;
diter_data_g[9][2][2][0][1][3][0]=-1;
diter_data_g[10][2][2][0][1][3][0]=-1;
diter_data_g[11][2][2][0][1][3][0]=-1;
diter_data_g[12][2][2][0][1][3][0]=-1;
diter_data_g[13][2][2][0][1][3][0]=-1;
diter_data_g[14][2][2][0][1][3][0]=-1;
diter_data_g[15][2][2][0][1][3][0]=-1;
//SVD
diter_data_g[2][2][2][1][1][3][0]=-1;
diter_data_g[4][2][2][1][1][3][0]=-1;
diter_data_g[5][2][2][1][1][3][0]=-1;
diter_data_g[6][2][2][1][1][3][0]=-1;
diter_data_g[7][2][2][1][1][3][0]=-1;
diter_data_g[8][2][2][1][1][3][0]=-1;
diter_data_g[9][2][2][1][1][3][0]=-1;
diter_data_g[10][2][2][1][1][3][0]=-1;
diter_data_g[11][2][2][1][1][3][0]=-1;
diter_data_g[12][2][2][1][1][3][0]=-1;
diter_data_g[13][2][2][1][1][3][0]=-1;
diter_data_g[14][2][2][1][1][3][0]=-1;
diter_data_g[15][2][2][1][1][3][0]=-1;
//pTlead=6
//Bayes
diter_data_g[2][2][3][0][1][3][0]=-1;
diter_data_g[4][2][3][0][1][3][0]=-1;
diter_data_g[5][2][3][0][1][3][0]=-1;
diter_data_g[6][2][3][0][1][3][0]=-1;
diter_data_g[7][2][3][0][1][3][0]=-1;
diter_data_g[8][2][3][0][1][3][0]=-1;
diter_data_g[9][2][3][0][1][3][0]=-1;
diter_data_g[10][2][3][0][1][3][0]=-1;
diter_data_g[11][2][3][0][1][3][0]=-1;
diter_data_g[12][2][3][0][1][3][0]=-1;
diter_data_g[13][2][3][0][1][3][0]=-1;
diter_data_g[14][2][3][0][1][3][0]=-1;
diter_data_g[15][2][3][0][1][3][0]=-1;
//SVD
diter_data_g[2][2][3][1][1][3][0]=-1;
diter_data_g[4][2][3][1][1][3][0]=-1;
diter_data_g[5][2][3][1][1][3][0]=-1;
diter_data_g[6][2][3][1][1][3][0]=-1;
diter_data_g[7][2][3][1][1][3][0]=-1;
diter_data_g[8][2][3][1][1][3][0]=-1;
diter_data_g[9][2][3][1][1][3][0]=-1;
diter_data_g[10][2][3][1][1][3][0]=-1;
diter_data_g[11][2][3][1][1][3][0]=-1;
diter_data_g[12][2][3][1][1][3][0]=-1;
diter_data_g[13][2][3][1][1][3][0]=-1;
diter_data_g[14][2][3][1][1][3][0]=-1;
diter_data_g[15][2][3][1][1][3][0]=-1;
