E) Raa
from left to right, the columes are:
 1). pT
 2). Raa
 3). statistical error from AuAu
 4). Upper bound of the systematic error in percentage
 5). Lower bound of the systematic error in percentage
 (note: the error includes the N+N reference error and AuAu systmatic errors 
  and occupancy error added in quadrature) 
 6). Error from pp parametrization that is not pT dependendent. 
  This error is not included in the calculation of 4) and 5).
 7). Error on number of binary collisions.

minimum bias
.550 0.3041 0.03 17.69 12.09 10.4 9.90
0.650 0.3319 0.03 17.70 12.04 10.4 9.90
0.750 0.3593 0.04 17.63 11.99 10.4 9.90
0.850 0.3884 0.04 17.48 11.94 10.4 9.90
0.950 0.4175 0.05 17.27 11.89 10.4 9.90
1.050 0.4500 0.06 16.99 11.83 10.4 9.90
1.150 0.4843 0.06 16.64 11.78 10.4 9.90
1.250 0.5196 0.07 16.24 11.72 10.4 9.90
1.350 0.5529 0.08 15.77 11.66 10.4 9.90
1.450 0.5852 0.09 15.25 11.61 10.4 9.90
1.550 0.6113 0.10 14.67 11.55 10.4 9.90
1.650 0.6357 0.12 14.06 11.49 10.4 9.90
1.750 0.6588 0.13 13.52 11.44 10.4 9.90
1.850 0.6745 0.15 13.05 11.38 10.4 9.90
1.950 0.6843 0.17 12.65 11.32 10.4 9.90
2.100 0.6866 0.14 12.17 11.24 10.4 9.90
2.300 0.6853 0.18 11.72 11.13 10.4 9.90
2.500 0.6713 0.23 11.47 11.03 10.4 9.90
2.700 0.6433 0.30 11.37 10.94 10.4 9.90
2.900 0.6114 0.38 11.67 10.86 10.4 9.90
3.125 0.5779 0.44 12.09 11.02 10.4 9.90
3.375 0.5399 0.58 12.21 10.95 10.4 9.90
3.625 0.5053 0.76 12.33 10.91 10.4 9.90
3.875 0.4743 0.98 12.47 10.89 10.4 9.90
4.200 0.4334 1.06 12.67 10.90 10.4 9.90
4.600 0.3913 1.57 12.94 11.00 10.4 9.90
5.000 0.3522 2.27 13.26 11.19 10.4 9.90
5.400 0.3567 3.14 13.63 11.49 10.4 9.90
5.800 0.3229 4.65 14.62 12.36 10.4 9.90
6.500 0.3326 5.25 16.86 14.36 10.4 9.90
7.500 0.3732 10.96 19.45 16.96 10.4 9.90
--------------------------------------------------------------------------------------------------------------------




0-10%
0.550 0.2508 0.06 18.02 12.42 10.4 9.80
0.650 0.2755 0.06 18.04 12.37 10.4 9.80
0.750 0.3001 0.07 17.97 12.33 10.4 9.80
0.850 0.3263 0.08 17.82 12.28 10.4 9.80
0.950 0.3525 0.09 17.61 12.23 10.4 9.80
1.050 0.3824 0.10 17.34 12.17 10.4 9.80
1.150 0.4133 0.11 17.00 12.12 10.4 9.80
1.250 0.4466 0.13 16.60 12.07 10.4 9.80
1.350 0.4765 0.14 16.15 12.01 10.4 9.80
1.450 0.5060 0.16 15.64 11.96 10.4 9.80
1.550 0.5287 0.18 15.07 11.90 10.4 9.80
1.650 0.5484 0.21 14.49 11.85 10.4 9.80
1.750 0.5693 0.24 13.96 11.79 10.4 9.80
1.850 0.5841 0.27 13.51 11.74 10.4 9.80
1.950 0.5858 0.31 13.12 11.69 10.4 9.80
2.100 0.5853 0.26 12.65 11.61 10.4 9.80
2.300 0.5740 0.34 12.22 11.51 10.4 9.80
2.500 0.5538 0.43 11.98 11.41 10.4 9.80
2.700 0.5236 0.55 11.89 11.32 10.4 9.80
2.900 0.4909 0.71 12.17 11.24 10.4 9.80
3.125 0.4465 0.84 12.58 11.40 10.4 9.80
3.375 0.4077 1.12 12.69 11.33 10.4 9.80
3.625 0.3715 1.49 12.81 11.29 10.4 9.80
3.875 0.3402 1.96 12.94 11.27 10.4 9.80
4.200 0.3119 2.12 13.13 11.28 10.4 9.80
4.600 0.2623 3.33 13.40 11.38 10.4 9.80
5.000 0.2417 4.83 13.71 11.56 10.4 9.80
5.400 0.2452 6.78 14.07 11.85 10.4 9.80
5.800 0.1978 11.10 15.02 12.68 10.4 9.80
6.500 0.2316 12.16 17.22 14.62 10.4 9.80
7.500 0.2214 28.42 19.76 17.16 10.4 9.80
--------------------------------------------------------------------------------------------------------------------





10-20%
0.550 0.2808 0.06 18.02 12.42 10.4 9.80
0.650 0.3077 0.07 18.04 12.37 10.4 9.80
0.750 0.3346 0.08 17.97 12.33 10.4 9.80
0.850 0.3628 0.09 17.82 12.28 10.4 9.80
0.950 0.3914 0.10 17.61 12.23 10.4 9.80
1.050 0.4242 0.12 17.34 12.17 10.4 9.80
1.150 0.4580 0.13 17.00 12.12 10.4 9.80
1.250 0.4931 0.15 16.60 12.07 10.4 9.80
1.350 0.5269 0.16 16.15 12.01 10.4 9.80
1.450 0.5598 0.18 15.64 11.96 10.4 9.80
1.550 0.5838 0.21 15.07 11.90 10.4 9.80
1.650 0.6106 0.24 14.49 11.85 10.4 9.80
1.750 0.6314 0.27 13.96 11.79 10.4 9.80
1.850 0.6462 0.30 13.51 11.74 10.4 9.80
1.950 0.6592 0.34 13.12 11.69 10.4 9.80
2.100 0.6557 0.29 12.65 11.61 10.4 9.80
2.300 0.6596 0.37 12.22 11.51 10.4 9.80
2.500 0.6391 0.48 11.98 11.41 10.4 9.80
2.700 0.6107 0.61 11.89 11.32 10.4 9.80
2.900 0.5814 0.77 12.17 11.24 10.4 9.80
3.125 0.5440 0.89 12.58 11.40 10.4 9.80
3.375 0.5124 1.17 12.69 11.33 10.4 9.80
3.625 0.4689 1.55 12.81 11.29 10.4 9.80
3.875 0.4368 2.03 12.94 11.27 10.4 9.80
4.200 0.3732 2.27 13.13 11.28 10.4 9.80
4.600 0.3404 3.33 13.40 11.38 10.4 9.80
5.000 0.3151 4.83 13.71 11.56 10.4 9.80
5.400 0.3175 6.68 14.07 11.85 10.4 9.80
5.800 0.2434 10.85 15.02 12.68 10.4 9.80
6.500 0.2336 13.64 17.22 14.62 10.4 9.80
7.500 0.3380 22.81 19.76 17.16 10.4 9.80
--------------------------------------------------------------------------------------------------------------------





20-30%
0.550 0.3159 0.08 17.69 12.09 10.4 10.60
0.650 0.3446 0.08 17.70 12.04 10.4 10.60
0.750 0.3735 0.09 17.63 11.99 10.4 10.60
0.850 0.4035 0.11 17.48 11.94 10.4 10.60
0.950 0.4348 0.12 17.27 11.89 10.4 10.60
1.050 0.4675 0.13 16.99 11.83 10.4 10.60
1.150 0.5049 0.15 16.64 11.78 10.4 10.60
1.250 0.5408 0.17 16.24 11.72 10.4 10.60
1.350 0.5765 0.19 15.77 11.66 10.4 10.60
1.450 0.6104 0.22 15.25 11.61 10.4 10.60
1.550 0.6365 0.25 14.67 11.55 10.4 10.60
1.650 0.6676 0.28 14.06 11.49 10.4 10.60
1.750 0.6896 0.31 13.52 11.44 10.4 10.60
1.850 0.7046 0.35 13.05 11.38 10.4 10.60
1.950 0.7218 0.40 12.65 11.32 10.4 10.60
2.100 0.7243 0.34 12.17 11.24 10.4 10.60
2.300 0.7236 0.43 11.72 11.13 10.4 10.60
2.500 0.7176 0.55 11.47 11.03 10.4 10.60
2.700 0.6859 0.70 11.37 10.94 10.4 10.60
2.900 0.6502 0.89 11.67 10.86 10.4 10.60
3.125 0.6193 1.02 12.09 11.02 10.4 10.60
3.375 0.5784 1.34 12.21 10.95 10.4 10.60
3.625 0.5544 1.74 12.33 10.91 10.4 10.60
3.875 0.5230 2.22 12.47 10.89 10.4 10.60
4.200 0.4701 2.42 12.67 10.90 10.4 10.60
4.600 0.4218 3.60 12.94 11.00 10.4 10.60
5.000 0.3744 5.20 13.26 11.19 10.4 10.60
5.400 0.4214 6.76 13.63 11.49 10.4 10.60
5.800 0.3521 10.94 14.62 12.36 10.4 10.60
6.500 0.4218 9.97 16.86 14.36 10.4 10.60
7.500 0.3833 25.46 19.45 16.96 10.4 10.60
--------------------------------------------------------------------------------------------------------------------





30-40%
0.550 0.3563 0.09 17.69 12.09 10.4 10.30
0.650 0.3879 0.10 17.70 12.04 10.4 10.30
0.750 0.4180 0.11 17.63 11.99 10.4 10.30
0.850 0.4510 0.13 17.48 11.94 10.4 10.30
0.950 0.4824 0.15 17.27 11.89 10.4 10.30
1.050 0.5181 0.16 16.99 11.83 10.4 10.30
1.150 0.5553 0.19 16.64 11.78 10.4 10.30
1.250 0.5945 0.21 16.24 11.72 10.4 10.30
1.350 0.6294 0.24 15.77 11.66 10.4 10.30
1.450 0.6627 0.27 15.25 11.61 10.4 10.30
1.550 0.6963 0.30 14.67 11.55 10.4 10.30
1.650 0.7195 0.34 14.06 11.49 10.4 10.30
1.750 0.7510 0.38 13.52 11.44 10.4 10.30
1.850 0.7712 0.43 13.05 11.38 10.4 10.30
1.950 0.7780 0.49 12.65 11.32 10.4 10.30
2.100 0.7932 0.41 12.17 11.24 10.4 10.30
2.300 0.7942 0.53 11.72 11.13 10.4 10.30
2.500 0.7880 0.67 11.47 11.03 10.4 10.30
2.700 0.7653 0.85 11.37 10.94 10.4 10.30
2.900 0.7409 1.07 11.67 10.86 10.4 10.30
3.125 0.7052 1.22 12.09 11.02 10.4 10.30
3.375 0.6754 1.59 12.21 10.95 10.4 10.30
3.625 0.6548 2.03 12.33 10.91 10.4 10.30
3.875 0.6255 2.59 12.47 10.89 10.4 10.30
4.200 0.5829 2.79 12.67 10.90 10.4 10.30
4.600 0.5344 4.08 12.94 11.00 10.4 10.30
5.000 0.4754 5.88 13.26 11.19 10.4 10.30
5.400 0.4936 7.71 13.63 11.49 10.4 10.30
5.800 0.5149 10.04 14.62 12.36 10.4 10.30
6.500 0.4830 11.38 16.86 14.36 10.4 10.30
7.500 0.5413 25.54 19.45 16.96 10.4 10.30

--------------------------------------------------------------------------------------------------------------------





40-50%
0.550 0.4093 0.11 17.69 12.09 10.4 11.40
0.650 0.4409 0.13 17.70 12.04 10.4 11.40
0.750 0.4720 0.14 17.63 11.99 10.4 11.40
0.850 0.5051 0.16 17.48 11.94 10.4 11.40
0.950 0.5356 0.18 17.27 11.89 10.4 11.40
1.050 0.5710 0.21 16.99 11.83 10.4 11.40
1.150 0.6088 0.23 16.64 11.78 10.4 11.40
1.250 0.6440 0.26 16.24 11.72 10.4 11.40
1.350 0.6809 0.30 15.77 11.66 10.4 11.40
1.450 0.7162 0.34 15.25 11.61 10.4 11.40
1.550 0.7466 0.38 14.67 11.55 10.4 11.40
1.650 0.7740 0.43 14.06 11.49 10.4 11.40
1.750 0.7992 0.49 13.52 11.44 10.4 11.40
1.850 0.8136 0.55 13.05 11.38 10.4 11.40
1.950 0.8373 0.62 12.65 11.32 10.4 11.40
2.100 0.8486 0.53 12.17 11.24 10.4 11.40
2.300 0.8606 0.67 11.72 11.13 10.4 11.40
2.500 0.8533 0.84 11.47 11.03 10.4 11.40
2.700 0.8257 1.07 11.37 10.94 10.4 11.40
2.900 0.7982 1.34 11.67 10.86 10.4 11.40
3.125 0.8043 1.50 12.09 11.02 10.4 11.40
3.375 0.7659 1.97 12.21 10.95 10.4 11.40
3.625 0.7070 2.56 12.33 10.91 10.4 11.40
3.875 0.6670 3.31 12.47 10.89 10.4 11.40
4.200 0.6741 3.36 12.67 10.90 10.4 11.40
4.600 0.6423 4.70 12.94 11.00 10.4 11.40
5.000 0.5426 7.18 13.26 11.19 10.4 11.40
5.400 0.4673 10.46 13.63 11.49 10.4 11.40
5.800 0.6243 12.47 14.62 12.36 10.4 11.40
6.500 0.5225 13.75 16.86 14.36 10.4 11.40
7.500 0.6501 30.33 19.45 16.96 10.4 11.40
--------------------------------------------------------------------------------------------------------------------





50-60%
0.550 0.4646 0.15 17.69 12.09 10.4 16.20
0.650 0.4939 0.17 17.70 12.04 10.4 16.20
0.750 0.5224 0.19 17.63 11.99 10.4 16.20
0.850 0.5530 0.21 17.48 11.94 10.4 16.20
0.950 0.5847 0.24 17.27 11.89 10.4 16.20
1.050 0.6140 0.28 16.99 11.83 10.4 16.20
1.150 0.6486 0.32 16.64 11.78 10.4 16.20
1.250 0.6832 0.36 16.24 11.72 10.4 16.20
1.350 0.7140 0.41 15.77 11.66 10.4 16.20
1.450 0.7507 0.46 15.25 11.61 10.4 16.20
1.550 0.7767 0.52 14.67 11.55 10.4 16.20
1.650 0.8018 0.59 14.06 11.49 10.4 16.20
1.750 0.8345 0.67 13.52 11.44 10.4 16.20
1.850 0.8438 0.76 13.05 11.38 10.4 16.20
1.950 0.8616 0.86 12.65 11.32 10.4 16.20
2.100 0.8815 0.72 12.17 11.24 10.4 16.20
2.300 0.9010 0.91 11.72 11.13 10.4 16.20
2.500 0.8945 1.15 11.47 11.03 10.4 16.20
2.700 0.8921 1.44 11.37 10.94 10.4 16.20
2.900 0.8461 1.82 11.67 10.86 10.4 16.20
3.125 0.8550 2.03 12.09 11.02 10.4 16.20
3.375 0.7879 2.70 12.21 10.95 10.4 16.20
3.625 0.7717 3.47 12.33 10.91 10.4 16.20
3.875 0.7669 4.34 12.47 10.89 10.4 16.20
4.200 0.7160 4.55 12.67 10.90 10.4 16.20
4.600 0.7473 6.32 12.94 11.00 10.4 16.20
5.000 0.6324 8.94 13.26 11.19 10.4 16.20
5.400 0.6354 12.33 13.63 11.49 10.4 16.20
5.800 0.6110 17.06 14.62 12.36 10.4 16.20
6.500 0.6478 20.14 16.86 14.36 10.4 16.20
7.500 0.7969 34.05 19.45 16.96 10.4 16.20
--------------------------------------------------------------------------------------------------------------------





60-70%
0.550 0.5231 0.20 17.47 11.87 10.4 26.70
0.650 0.5511 0.23 17.48 11.82 10.4 26.70
0.750 0.5758 0.26 17.41 11.77 10.4 26.70
0.850 0.6043 0.30 17.26 11.72 10.4 26.70
0.950 0.6221 0.34 17.04 11.66 10.4 26.70
1.050 0.6599 0.39 16.76 11.61 10.4 26.70
1.150 0.6805 0.45 16.41 11.55 10.4 26.70
1.250 0.7149 0.51 16.00 11.49 10.4 26.70
1.350 0.7425 0.58 15.53 11.43 10.4 26.70
1.450 0.7581 0.67 14.99 11.38 10.4 26.70
1.550 0.8030 0.75 14.41 11.32 10.4 26.70
1.650 0.8208 0.85 13.79 11.26 10.4 26.70
1.750 0.8320 0.97 13.24 11.20 10.4 26.70
1.850 0.8517 1.10 12.76 11.14 10.4 26.70
1.950 0.8673 1.24 12.35 11.08 10.4 26.70
2.100 0.8703 1.06 11.85 11.00 10.4 26.70
2.300 0.8747 1.34 11.39 10.89 10.4 26.70
2.500 0.9038 1.67 11.13 10.78 10.4 26.70
2.700 0.9107 2.07 11.03 10.69 10.4 26.70
2.900 0.8680 2.63 11.34 10.60 10.4 26.70
3.125 0.8797 2.90 11.77 10.77 10.4 26.70
3.375 0.8442 3.79 11.89 10.70 10.4 26.70
3.625 0.8364 4.79 12.02 10.65 10.4 26.70
3.875 0.8696 5.90 12.16 10.63 10.4 26.70
4.200 0.8807 5.87 12.36 10.65 10.4 26.70
4.600 0.7358 9.04 12.64 10.75 10.4 26.70
5.000 0.7135 11.95 12.97 10.95 10.4 26.70
5.400 0.6893 18.00 13.35 11.26 10.4 26.70
5.800 0.7619 23.37 14.35 12.14 10.4 26.70
6.500 0.6900 26.66 16.63 14.19 10.4 26.70
7.500 0.6192 73.87 19.25 16.83 10.4 26.70
--------------------------------------------------------------------------------------------------------------------





70-80%
0.550 0.6054 0.29 17.47 11.87 10.4 33.90
0.650 0.6241 0.33 17.48 11.82 10.4 33.90
0.750 0.6434 0.37 17.41 11.77 10.4 33.90
0.850 0.6608 0.43 17.26 11.72 10.4 33.90
0.950 0.6871 0.50 17.04 11.66 10.4 33.90
1.050 0.7088 0.57 16.76 11.61 10.4 33.90
1.150 0.7328 0.65 16.41 11.55 10.4 33.90
1.250 0.7563 0.75 16.00 11.49 10.4 33.90
1.350 0.7873 0.85 15.53 11.43 10.4 33.90
1.450 0.8092 0.98 14.99 11.38 10.4 33.90
1.550 0.8410 1.10 14.41 11.32 10.4 33.90
1.650 0.8351 1.28 13.79 11.26 10.4 33.90
1.750 0.8699 1.44 13.24 11.20 10.4 33.90
1.850 0.8933 1.62 12.76 11.14 10.4 33.90
1.950 0.9058 1.84 12.35 11.08 10.4 33.90
2.100 0.8929 1.58 11.85 11.00 10.4 33.90
2.300 0.9450 1.95 11.39 10.89 10.4 33.90
2.500 0.9620 2.44 11.13 10.78 10.4 33.90
2.700 0.9355 3.08 11.03 10.69 10.4 33.90
2.900 0.9141 3.83 11.34 10.60 10.4 33.90
3.125 0.9489 4.22 11.77 10.77 10.4 33.90
3.375 0.8728 5.63 11.89 10.70 10.4 33.90
3.625 0.9510 6.73 12.02 10.65 10.4 33.90
3.875 0.7717 9.56 12.16 10.63 10.4 33.90
4.200 0.8364 9.14 12.36 10.65 10.4 33.90
4.600 0.9048 12.04 12.64 10.75 10.4 33.90
5.000 0.7528 19.46 12.97 10.95 10.4 33.90
5.400 0.5340 38.32 13.35 11.26 10.4 33.90
5.800 0.7660 36.76 14.35 12.14 10.4 33.90
6.500 0.5512 47.63 16.63 14.19 10.4 33.90
--------------------------------------------------------------------------------------------------------------------





80-92%
0.550 0.6666 0.40 17.43 11.83 10.4 24.50
0.650 0.6836 0.46 17.44 11.78 10.4 24.50
0.750 0.6820 0.54 17.37 11.73 10.4 24.50
0.850 0.6995 0.62 17.23 11.68 10.4 24.50
0.950 0.7149 0.71 17.01 11.62 10.4 24.50
1.050 0.7251 0.83 16.72 11.57 10.4 24.50
1.150 0.7453 0.96 16.37 11.51 10.4 24.50
1.250 0.7582 1.10 15.96 11.45 10.4 24.50
1.350 0.7933 1.25 15.48 11.40 10.4 24.50
1.450 0.8249 1.42 14.95 11.34 10.4 24.50
1.550 0.8505 1.61 14.36 11.28 10.4 24.50
1.650 0.8139 1.91 13.74 11.22 10.4 24.50
1.750 0.8591 2.13 13.19 11.16 10.4 24.50
1.850 0.9045 2.38 12.71 11.10 10.4 24.50
1.950 0.8863 2.74 12.29 11.04 10.4 24.50
2.100 0.8832 2.33 11.80 10.96 10.4 24.50
2.300 0.8897 2.97 11.33 10.85 10.4 24.50
2.500 0.9951 3.52 11.07 10.74 10.4 24.50
2.700 0.9366 4.56 10.97 10.65 10.4 24.50
2.900 0.9060 5.67 11.28 10.56 10.4 24.50
3.125 0.9817 6.11 11.71 10.73 10.4 24.50
3.375 0.8928 8.25 11.83 10.66 10.4 24.50
3.625 0.7432 11.32 11.96 10.61 10.4 24.50
3.875 0.8509 13.71 12.11 10.59 10.4 24.50
4.200 0.8244 13.61 12.31 10.61 10.4 24.50
4.600 0.8979 17.68 12.59 10.71 10.4 24.50
5.000 0.8754 24.17 12.92 10.91 10.4 24.50
5.400 0.4474 48.09 13.30 11.22 10.4 24.50
5.800 0.7382 44.45 14.31 12.11 10.4 24.50
--------------------------------------------------------------------------------------------------------------------

 
